300 4
1 1 -0.21492813388033316
1 2 0.48041432046175503
1 3 -0.03892350999449622
1 4 0.8494074042128992
2 1 0.716085077196733
2 2 -0.13300063187585895
2 3 0.6231562608458868
2 4 0.28497239990101497
3 1 0.506207283979738
3 2 0.7545544888438964
3 3 -0.2782327667374208
3 4 -0.311429344354417
4 1 -0.4298630539238315
4 2 0.42680257260402976
4 3 0.7298957202586686
4 4 -0.31671683952378926
1 5 0.06218307322059948
2 6 0.21145526315495214
3 7 0.16697429613945572
4 8 0.15274469169018726
5 5 -0.45251759900274646
5 6 0.28965150123536454
5 7 0.8364330866205907
5 8 0.10821054491703262
6 5 -0.15753391785667836
6 6 0.28900757357688317
6 7 -0.3010943389744954
6 8 0.8949859698215599
7 5 0.8365440638218893
7 6 -0.0776686918895296
7 7 0.43811135097056153
7 8 0.3197187009470638
8 5 0.26571585688828187
8 6 0.9091447654512846
8 7 -0.1333429218016946
8 8 -0.29166855170902706
5 9 0.08211329433618993
6 10 0.2393249167635021
7 11 0.025887794125992757
8 12 0.10430592263841114
5 4 0.22857371985972658
6 4 0.03216932855430514
7 4 0.025952989986395145
8 4 0.2569993250861124
9 9 0.6154864207927397
9 10 -0.4581207409357684
9 11 0.33902822297394347
9 12 0.5443911429949382
10 9 0.2993667895015473
10 10 0.7965595988537285
10 11 -0.22737755570728274
10 12 0.47346782148114946
11 9 -0.1722478495083804
11 10 0.36480989302638545
11 11 0.9125846489239605
11 12 -0.06658587566554512
12 9 0.7084396018737357
12 10 0.15010640941854478
12 11 0.023421565618960336
12 12 -0.6892262521207472
9 13 0.23067173289558573
10 14 0.20733120461431911
11 15 0.1398539042141126
12 16 0.14724700907509555
9 8 0.2973127167392243
10 8 0.036039954474835524
11 8 0.13962164131637989
12 8 0.11071906348815372
13 13 -0.23801457399583142
13 14 -0.18243763433230523
13 15 0.054234628656890625
13 16 0.9524306679224814
14 13 0.6495876550673756
14 14 0.6059443623960166
14 15 -0.3491343037276594
14 16 0.29828266128817343
15 13 0.7194908133766911
15 14 -0.6438736727247589
15 15 0.2569225380990431
15 16 0.04183864786561543
16 13 0.060974670283639266
16 14 0.43008677360696257
16 15 0.8995302398651185
16 16 0.04639832238731828
13 17 0.2778923703193246
14 18 0.2251539747035588
15 19 0.23137024021318184
16 20 0.28833850237472747
13 12 0.14680895908292235
14 12 0.16455205783113327
15 12 0.09693374912855272
16 12 0.263643796917414
17 17 0.42980061677967774
17 18 -0.2688219518333299
17 19 0.3951372993151947
17 20 0.7660761729216105
18 17 -0.3108844742565103
18 18 0.6858090651089961
18 19 -0.3151859907237719
18 20 0.5776457055428119
19 17 0.15202240094703234
19 18 0.6146470682546156
19 19 0.7332683823404045
19 20 -0.2478218121073943
20 17 0.8339732987886128
20 18 0.2821518490331946
20 19 -0.4547986207116894
20 20 -0.1343022173812959
17 21 0.25171770608880845
18 22 0.17029977162713028
19 23 0.06790501152273039
20 24 0.03972485066537339
17 16 0.19190094936221183
18 16 0.10665456004929061
19 16 0.18277200665537133
20 16 0.0075887091254164705
21 21 -0.5322824735502116
21 22 -0.12895375398227854
21 23 0.6820703200067313
21 24 0.48458887342886997
22 21 0.7545757980922845
22 22 -0.5197399033643458
22 23 0.3394115193583741
22 24 0.2128041783214143
23 21 0.13745107392534012
23 22 0.254909274288526
23 23 -0.4461631037008869
23 24 0.8467980568320049
24 21 0.35832657668868273
24 22 0.8051475790601342
24 23 0.4695938500329271
24 24 -0.0531136176834847
21 25 0.1263665692629511
22 26 0.02590713578031245
23 27 0.1288875301939138
24 28 0.08964807773193632
21 20 0.09672780473792901
22 20 0.07746454480191713
23 20 0.22026736308121506
24 20 0.18162952195132911
25 25 0.36606612662469873
25 26 0.14494171651891505
25 27 0.4109948659196383
25 28 0.822235191376676
26 25 -0.4576146633752411
26 26 0.8845764506356939
26 27 0.09003042109313732
26 28 0.0028010930928099296
27 25 0.8044524815689594
27 26 0.4201666732652799
27 27 -0.026284671954467403
27 28 -0.41907670848542355
28 25 -0.09716283085366371
28 26 -0.14133778146870588
28 27 0.9068003415778674
28 28 -0.38509239974877413
25 29 0.17784249296190324
26 30 0.25038044105265433
27 31 0.27243737336759877
28 32 0.03619394192444094
25 24 0.1381253060748546
26 24 0.0816734445573732
27 24 0.13581885517758854
28 24 0.17248988152471767
29 29 0.22885050545647506
29 30 0.39344605155908946
29 31 -0.14714903095664517
29 32 0.878165595632964
30 29 -0.2976852733109241
30 30 -0.19213799874992604
30 31 0.8817536844378528
30 32 0.3114111550192843
31 29 0.9261140475451464
31 30 -0.12400196607437783
31 31 0.33163101573413906
31 32 -0.1302196327455182
32 29 -0.03638262147869573
32 30 0.8904530904874349
32 31 0.3014605647044641
32 32 -0.33895593581434574
29 33 0.03750489157053109
30 34 0.2819024530326596
31 35 0.10090652958970421
32 36 0.1941573631908445
29 28 0.09343837494760684
30 28 0.14624406634864334
31 28 0.2065356059383573
32 28 0.16108014757148928
33 33 -0.11421354465580963
33 34 0.6279896563528466
33 35 0.7425563347979259
33 36 -0.20296390660030997
34 33 0.7441864689159331
34 34 -0.41542631344813163
34 35 0.5040271284918629
34 36 0.139871838915405
35 33 -0.12602460646964214
35 34 0.1966364787299337
35 35 0.07920662341948516
35 36 0.9691120701979459
36 33 0.6459563176127022
36 34 0.6280000516253329
36 35 -0.43392747574013085
36 36 -0.007957178684412583
33 37 0.06445454883676469
34 38 0.275291277504395
35 39 0.23568320709395787
36 40 0.03863862258295305
33 32 0.022745169922725215
34 32 0.0521396542714049
35 32 0.08161780419525318
36 32 0.22927367646862207
37 37 -0.32572451837979055
37 38 0.28445782281865195
37 39 -0.08403150639503994
37 40 0.897733808596126
38 37 -0.21251047745792465
38 38 0.5816918220008892
38 39 0.7617942723554352
38 40 -0.19011419671961127
39 37 0.30834427268099873
39 38 -0.6046071297888272
39 39 0.6383239196411291
39 40 0.3632032512620539
40 37 0.868139760984188
40 38 0.4638626842752858
40 39 -0.0717688383173242
40 40 0.16128855936434003
37 41 0.0817523041093834
38 42 0.11440854483175415
39 43 0.2860492622951913
40 44 0.20492749649500921
37 36 0.15370786838088843
38 36 0.09144168483617988
39 36 0.07504342136069794
40 36 0.268975075295728
41 41 -0.011686469075887444
41 42 0.7481450268983056
41 43 0.11045873832901651
41 44 0.6541722344265561
42 41 -0.4133933208818632
42 42 -0.08854438949803398
42 43 0.9043263617334495
42 44 -0.05881908544534813
43 41 0.6646576932484857
43 42 0.42660340448672834
43 43 0.3112248088452916
43 44 -0.5285629616660119
44 41 0.6222535974153985
44 42 -0.5004482441732473
44 43 0.2704289499293955
44 44 0.5377919657707737
41 45 0.2069199061296064
42 46 0.27524181781633555
43 47 0.05036899238689483
44 48 0.11334347329347313
41 40 0.08727907897990751
42 40 0.02928215738900328
43 40 0.15803717384712032
44 40 0.26241745785382864
45 45 0.08928869079262391
45 46 0.9720461653519397
45 47 -0.15960804597825798
45 48 -0.14723808535881697
46 45 0.3299978376591407
46 46 0.05734853236813635
46 47 0.8692683918758214
46 48 -0.36357260053686036
47 45 -0.15000221141755504
47 46 0.21336336295600114
47 47 0.40867879154123354
47 48 0.8746182351531124
48 45 0.9277005408032669
48 46 -0.07945736975205757
48 47 -0.22777045438120846
48 48 0.28491902901770055
45 49 0.03323149755214283
46 50 0.11316347909229824
47 51 0.23415973287829417
48 52 0.13973630843419435
45 44 0.2000353053873554
46 44 0.12794644032318891
47 44 0.014205821941694041
48 44 0.018219726722960794
49 49 0.6115421494855839
49 50 -0.24536211285174248
49 51 -0.3725898498850967
49 52 0.6534450525806138
50 49 0.7514917033491003
50 50 0.4050139444641187
50 51 0.4150645245324757
50 52 -0.3145558218531543
51 49 -0.18089218067105622
51 50 0.030807724256530524
51 51 0.7651537082345236
51 52 0.6171456115643708
52 49 -0.16898058519276574
52 50 0.8802340725583611
52 51 -0.32161785866488807
52 52 0.30527936766680525
49 53 0.11811911830633763
50 54 0.21944509715844132
51 55 0.10887156290036105
52 56 0.22654369235364233
49 48 0.22952260829380564
50 48 0.15563341893039265
51 48 0.1733173268162808
52 48 0.03396335990253065
53 53 0.1241249809860687
53 54 0.7433433782982177
53 55 -0.39465055727625886
53 56 0.5256277662728059
54 53 0.47935084486251517
54 54 -0.29979273631636094
54 55 0.47973955491427056
54 56 0.6709672437848212
55 53 0.6947970943781011
55 54 0.40458843661518157
55 55 0.2869671694725646
55 56 -0.5207831009604055
56 53 -0.5216059377236322
56 54 0.4403102703201737
56 55 0.729212411261013
56 56 0.04799344585384188
53 57 0.10527375483099512
54 58 0.018817303357460655
55 59 0.20164277922254667
56 60 0.25834047617641337
53 52 0.08824011674584506
54 52 0.27993276452742005
55 52 0.21403948170308215
56 52 0.24338030450013348
57 57 0.2316211432263091
57 58 0.46780716612264867
57 59 0.7415524241313655
57 60 -0.42143576450003667
58 57 0.7223037149137804
58 58 -0.3763532135844096
58 59 0.2955608740977312
58 60 0.4992788516941463
59 57 -0.5654476323210051
59 58 0.15969833309198503
59 59 0.4558286622355654
59 60 0.6685698528910393
60 57 0.32387955251120626
60 58 0.7835886397572559
60 59 -0.39365467436830437
60 60 0.3551434589803093
57 61 0.16557272371333462
58 62 0.13706984683874454
59 63 0.05947836487953714
60 64 0.08365853245204109
57 56 0.1430574302480011
58 56 0.27967641066325527
59 56 0.2950528890923668
60 56 0.17740067051707617
61 61 -0.4811575129961806
61 62 -0.019032300529703266
61 63 0.8148863524478595
61 64 0.32262277014820306
62 61 -0.1950413856947582
62 62 0.7253105563884944
62 63 -0.32560995301878426
62 64 0.574335801733435
63 61 0.6592065176713309
63 62 -0.30735706837893656
63 63 0.11413464497481168
63 64 0.676721273785313
64 61 0.5439605432503688
64 62 0.6157060994057687
64 63 0.4657377737587984
64 64 -0.328787549392454
61 65 0.2633498009273079
62 66 0.0016433763017581926
63 67 0.03805966329493564
64 68 0.16551994010334783
61 60 0.11381146147495717
62 60 0.1409845896342733
63 60 0.1622110105541341
64 60 0.11282761188079983
65 65 -0.00831912384305825
65 66 0.6415580465519807
65 67 0.7667534814746358
65 68 -0.020570943814416168
66 65 0.3211770066208811
66 66 0.03127962922769403
66 67 0.0027056713579668968
66 68 0.9464985972287181
67 65 0.878614706947566
67 66 -0.2905397806813625
67 67 0.24487335241597288
67 68 -0.28924016639054817
68 65 0.3532878703436866
68 66 0.7092330319023573
68 67 -0.5933960054344746
68 68 -0.14162403701710133
65 69 0.06500289912892283
66 70 0.1896679913531872
67 71 0.26624739609592607
68 72 0.0879321692952468
65 64 0.12170049711583628
66 64 0.10986223061643026
67 64 0.18543512759733335
68 64 0.1970677547832014
69 69 -0.03182381723126845
69 70 0.3535219619682664
69 71 0.8503601524113835
69 72 -0.3884547312800125
70 69 0.3637127377486154
70 70 0.8652185596347882
70 71 -0.345116458202255
70 72 0.002125733012400353
71 69 -0.41302116172003267
71 70 0.2719185014963619
71 71 0.25155695955730645
71 72 0.8319813366979404
72 69 0.834334350861615
72 70 -0.22908381656848376
72 71 0.30741069852414604
72 72 0.39611293641036455
69 73 0.21024483322224158
70 74 0.23290373762500008
71 75 0.1210921784779654
72 76 0.2468761473049041
69 68 0.11368899908306719
70 68 0.028564525693651952
71 68 0.019221976079295478
72 68 0.15383447053380744
73 73 -0.19627266550807557
73 74 0.32889202617054314
73 75 0.5332557930747418
73 76 0.7542846512080288
74 73 0.6051539951497485
74 74 0.5802469100420963
74 75 -0.4855297156423142
74 76 0.2477156853515558
75 73 0.7424966956085407
75 74 -0.18193973913358363
75 75 0.6225113975471844
75 76 -0.16755938725792982
76 73 -0.209676751069475
76 74 0.7225243870154401
76 75 0.3039386686559862
76 76 -0.5844787899697802
73 77 0.12839391637593459
74 78 0.059315695599698334
75 79 0.08923531632827217
76 80 0.1156340705115706
73 72 0.21797594502228176
74 72 0.2538206803114454
75 72 0.14795278503495882
76 72 0.04331368352665752
77 77 -0.07225146237267638
77 78 0.8334383507983336
77 79 0.22880564192219793
77 80 -0.49780339475352603
78 77 -0.022409832172361366
78 78 0.43275140458573313
78 79 0.28020331809411375
78 80 0.8565688073821806
79 77 0.7693000549901302
79 78 -0.15995213203650305
79 79 0.6105985029828612
79 80 -0.0988038916452617
80 77 0.6343933724426818
80 78 0.30417437877738246
80 79 -0.7044881453287263
80 80 0.09337799198679425
77 81 0.19983367486101167
78 82 0.1728483101025702
79 83 0.1058431343703875
80 84 0.14560021411614135
77 76 0.09012915312131782
78 76 0.1653842510148058
79 76 0.2437436033480649
80 76 0.04921607809569173
81 81 0.9193663543413958
81 82 -0.2509570741168804
81 83 0.30276376873001487
81 84 0.010961468884456956
82 81 0.38276012331019565
82 82 0.6576378696907187
82 83 -0.6236564599230378
82 84 0.17905233969005238
83 81 -0.0645756442063685
83 82 0.636794927786449
83 83 0.7136111888923441
83 84 0.28474774311386514
84 81 -0.06395452043372993
84 82 -0.31468269613183275
84 83 -0.10072631944193343
84 84 0.9416681096028336
81 85 0.20380222997910039
82 86 0.19541622221190905
83 87 0.23075910962514118
84 88 0.275597918672108
81 80 0.028207281440137996
82 80 0.29008088033576995
83 80 0.02502710629425362
84 80 0.07221079438927866
85 85 0.3688627098668914
85 86 -0.4800531516929292
85 87 0.0225965416856187
85 88 0.7955995658138515
86 85 -0.1778489499575792
86 86 0.22261871672158212
86 87 0.9395072159511486
86 88 0.19009694668758936
87 85 0.9089804971280799
87 86 0.3061601322445764
87 87 0.14826933887957836
87 88 -0.24090793347871353
88 85 -0.07787495174591018
88 86 0.7913632869541684
88 87 -0.30794770761897966
88 88 0.522348398412288
85 89 0.29246075419088363
86 90 0.23846315230093865
87 91 0.15058775306174135
88 92 0.19349227124793567
85 84 0.2304212367859719
86 84 0.28073217178588067
87 84 0.06752760533912795
88 84 0.20730830574891598
89 89 0.8343449643132205
89 90 0.3356067422294602
89 91 0.06614021203731447
89 92 -0.43227545320889904
90 89 0.4445660593149172
90 90 -0.6481169177717896
90 91 0.4502431274543294
90 92 0.42377659914552246
91 89 0.24000552366338737
91 90 0.48054412581555817
91 91 -0.29056096607999954
91 92 0.7918642666176333
92 89 -0.22051496103765933
92 90 0.48619946381324275
92 91 0.8417130886011341
92 92 0.0806369011297815
89 93 0.029150007638194395
90 94 0.14175732504177077
91 95 0.28367951749431936
92 96 0.14778498552718158
89 88 0.02733527884492377
90 88 0.2894846451086512
91 88 0.23739097580537533
92 88 0.1485452851711971
93 93 0.5630168772773539
93 94 0.17828146985228022
93 95 -0.21190730461489474
93 96 0.7786674564016519
94 93 -0.29299100936775174
94 94 0.1982153065297344
94 95 0.8469341215887495
94 96 0.396950317263612
95 93 -0.36919109585328136
95 94 0.8714851747296672
95 95 -0.32218126247971407
95 96 -0.020267192110206677
96 93 0.6788712684104226
96 94 0.4116309026191239
96 95 0.3660561733484644
96 96 -0.4854860233717017
93 97 0.08471465618592848
94 98 0.21807841059982694
95 99 0.20289909539562437
96 100 0.21804544561236827
93 92 0.28516063829127175
94 92 0.24232704737035743
95 92 0.2239253325017355
96 92 0.03703218862688771
97 97 -0.16831619194683622
97 98 0.9313673505196876
97 99 0.2143882202459054
97 100 0.2413756593657415
98 97 0.770993280364294
98 98 0.05473316187652952
98 99 -0.275805828886114
98 100 0.5714059742219593
99 97 -0.3380076102479381
99 98 -0.3596835587105456
99 99 0.4826447923522674
99 100 0.7234864182712987
100 97 0.5128253860487989
100 98 -0.013670295177949803
100 99 0.8031331397641823
100 100 -0.30298581858921225
97 101 0.020281840034429455
98 102 0.2055999236411016
99 103 0.2019524175011307
100 104 0.22502628604383437
97 96 0.2924632392448295
98 96 0.07048943344918764
99 96 0.050312758413471624
100 96 0.26771009773121535
101 101 0.7330244364380384
101 102 -0.09319762455746781
101 103 0.670805328831224
101 104 0.06332131689387457
102 101 -0.31675139283487835
102 102 -0.2456997894227356
102 103 0.22824250270549032
102 104 0.8872460360990755
103 101 -0.2282294152436313
103 102 0.8986846993092863
103 103 0.36737643614758486
103 104 0.0728814064657562
104 101 0.5570054440841763
104 102 0.3511575536448646
104 103 -0.6024617207207996
104 104 0.45108001822833627
101 105 0.15908315664536996
102 106 0.22757511726284144
103 107 0.10500182351893161
104 108 0.05118929709012112
101 100 0.25028802645010517
102 100 0.27029041466207027
103 100 0.19100736862728054
104 100 0.19067265170499337
105 105 0.4546063677857443
105 106 0.1225279231218134
105 107 -0.23976415786561156
105 108 0.8490189085215376
106 105 0.7773506781766759
106 106 -0.07886618550760041
106 107 0.5750886087027676
106 108 -0.24244409677708675
107 105 -0.4339684105346219
107 106 -0.07435196533158704
107 107 0.7706326934991478
107 108 0.46072600927192436
108 105 -0.027025768536119807
108 106 0.9865286706884232
108 107 0.13383382402650934
108 108 -0.09010714339722058
105 109 0.0971166123572158
106 110 0.22271750147444447
107 111 0.019440123481582416
108 112 0.09691961735139291
105 104 0.19501657881764076
106 104 0.21434809349381032
107 104 0.05548902529175703
108 104 0.28458912255542523
109 109 -0.2110176895952036
109 110 0.0077749223527655295
109 111 0.9391317581328428
109 112 0.27100300021702034
110 109 0.46472027218024226
110 110 -0.3834276814160525
110 111 -0.12009888575791713
110 112 0.7890466015314548
111 109 0.2778380031917383
111 110 0.9188705253632408
111 111 -0.025679861368617656
111 112 0.2789687192521731
112 109 0.8138259318091625
112 110 -0.09273468242788009
112 111 0.3208556423473195
112 112 -0.4755410478222017
109 113 0.19342504093204718
110 114 0.07174060841479397
111 115 0.2723742153349259
112 116 0.04417183473655375
109 108 0.21660725207192744
110 108 0.0408600043908679
111 108 0.27665577447017436
112 108 0.22471603805518706
113 113 -0.22672234563873356
113 114 0.038630643976745385
113 115 0.040217294038495555
113 116 0.9723616717015495
114 113 0.43974603747162117
114 114 0.8722848833813447
114 115 -0.1998607841368073
114 116 0.07614572684413935
115 113 -0.20882076917507153
115 114 0.32413312692506174
115 115 0.9172948993400825
115 116 -0.09950713560132747
116 113 0.843572336481709
116 114 -0.3640940422474914
116 115 0.34206476560603144
116 116 0.19700999379108336
113 117 0.04354259310220856
114 118 0.2854569761655009
115 119 0.0806495449866278
116 120 0.045260451527181784
113 112 0.01642768006267481
114 112 0.15673813239270337
115 112 0.1702631391333115
116 112 0.11579949759792749
117 117 -0.3604885449120033
117 118 0.1312762317779631
117 119 -0.0017475646208498566
117 120 0.9234779401671169
118 117 0.11023173330858313
118 118 -0.10562577398956856
118 119 0.9864596916047255
118 120 0.0599119160100903
119 117 0.8933752519856271
119 118 0.3210564639248581
119 119 -0.08385152514748972
119 120 0.3029394788437519
120 117 -0.24449464840488766
120 118 0.9319509074041131
120 119 0.14093666871132635
120 120 -0.22765484511113476
117 121 0.04094123685274045
118 122 0.0674977478999972
119 123 0.1851087259889434
120 124 0.20160726668945533
117 116 0.26551187614311883
118 116 0.017878980989978664
119 116 0.1559462769066491
120 116 0.09885242723630884
121 121 -0.34261847260507666
121 122 0.5890237165334592
121 123 0.716717884326104
121 124 -0.14825355941085938
122 121 0.8316852860600079
122 122 0.4749328917779071
122 123 -0.05128486460907614
122 124 -0.28303391302242653
123 121 -0.01215243709004084
123 122 0.493781108640488
123 123 -0.23866710359435228
123 124 0.836104388628852
124 121 0.4367659389808456
124 122 -0.42856741175497315
124 123 0.6532406529075064
124 124 0.4459171868371953
121 125 0.19009577258886423
122 126 0.16514922221905515
123 127 0.27160745299257316
124 128 0.10411388100708975
121 120 0.09425874805349967
122 120 0.1953754444021645
123 120 0.17122554359270448
124 120 0.2495395017233552
125 125 -0.2626199429757569
125 126 0.7051928136380318
125 127 0.2522175884302978
125 128 0.6083750070730151
126 125 0.7231242595551302
126 126 0.5950799484231503
126 127 -0.1666867980056717
126 128 -0.3085233728555459
127 125 0.17011509412574474
127 126 -0.06657408947593242
127 127 0.952357453186007
127 128 -0.2442212659088109
128 125 0.6157783087644807
128 126 -0.3796720179160263
128 127 0.04021294341482461
128 128 0.6892380956161991
125 129 0.016799015301715903
126 130 0.05391710509622689
127 131 0.08574437870793418
128 132 0.04463425260116209
125 124 0.29169713734728137
126 124 0.25917689126162163
127 124 0.09477311635634486
128 124 0.09668601144681614
129 129 0.8833390564935769
129 130 0.2220634108500349
129 131 -0.016783819097227766
129 132 0.41245394440009553
130 129 -0.02246652675357165
130 130 -0.712696536203101
130 131 0.5346220480999548
130 132 0.45358369475229443
131 129 0.22302093870857026
131 130 0.2125433429707177
131 131 0.7685011530753825
131 132 -0.5607967242933829
132 129 -0.4116661600693167
132 130 0.630536926915928
132 131 0.3511460477119595
132 132 0.5564625860068867
129 133 0.2202796171155396
130 134 0.05273593037903916
131 135 0.025807396018342588
132 136 0.17399339011389456
129 128 0.08083677082865204
130 128 0.1484001310128861
131 128 0.22864686114480443
132 128 0.2041305671398456
133 133 0.7078340018505924
133 134 -0.3093263477990933
133 135 -0.20922640449294092
133 136 0.5995936524383869
134 133 0.40555957179015345
134 134 0.32675069926386796
134 135 0.8535824042175744
134 136 -0.012348824644741206
135 133 -0.4115708398253129
135 134 0.5122252936779726
135 135 0.01037316271671877
135 136 0.7537420578800504
136 133 0.40632733523484327
136 134 0.7315575436043029
136 135 -0.4769840546269392
136 136 -0.2687152185274116
133 137 0.1517691720598938
134 138 0.048574243275157754
135 139 0.2617836141033349
136 140 0.13702478027930967
133 132 0.052605859588894695
134 132 0.28594668103791077
135 132 0.08204377252499802
136 132 0.2887152561043414
137 137 -0.3887657011394185
137 138 0.3442865256358732
137 139 0.8383532186442895
137 140 0.16580681129529892
138 137 0.3344106114623936
138 138 0.9154287779397814
138 139 -0.2235512170430761
138 140 0.013584874662102087
139 137 0.8496620713617853
139 138 -0.20669019222136154
139 139 0.43738123358972075
139 140 0.20988374265824103
140 137 -0.12290295784937165
140 138 -0.027131259181124513
140 139 -0.23640302589191392
140 140 0.963468923772982
137 141 0.29991045821631707
138 142 0.269859998172617
139 143 0.26728535387596136
140 144 0.001854831703803783
137 136 0.09377014133577848
138 136 0.2783496422252113
139 136 0.14218729406601885
140 136 0.2896383576834397
141 141 -0.39653968303458986
141 142 -0.4142427075361209
141 143 0.5760576802359568
141 144 0.5825090626532252
142 141 0.23461113036357786
142 142 0.42474067040851154
142 143 0.8070892880198784
142 144 -0.3363924219925563
143 141 -0.3250830208200545
143 142 0.8049789231383694
143 143 -0.12942666814015502
143 144 0.4791437158636612
144 141 0.8258540590581724
144 142 -0.00269730551900787
144 143 -0.0036287434287912462
144 144 0.5638657906817948
141 145 0.12974963077730586
142 146 0.09903859915163757
143 147 0.2017171623760143
144 148 0.21358652333629627
141 140 0.09986724387647365
142 140 0.22296175129987833
143 140 0.17417053185743062
144 140 0.09124323961084366
145 145 0.5549342493524434
145 146 0.8030702915951101
145 147 -0.20035483375385443
145 148 0.083570486683102
146 145 0.2258360026132952
146 146 0.1012696819814061
146 147 0.9480394672266992
146 148 -0.1999092794633337
147 145 0.4155511026465733
147 146 -0.34553693463538254
147 147 0.11371115164105002
147 148 0.8336613712320289
148 145 -0.6843707766324514
148 146 0.47479130686177595
148 147 0.21942853771660623
148 148 0.5079970195341047
145 149 0.22272591189188587
146 150 0.1872473196917129
147 151 0.15823437615519123
148 152 0.21420903368628533
145 144 0.21853280628600175
146 144 0.24313884309389855
147 144 0.1569526191922264
148 144 0.11228877667398574
149 149 0.323620748335561
149 150 -0.5911377259025887
149 151 0.7383230291933597
149 152 0.02655004376999402
150 149 0.21628096934991803
150 150 -0.027049526460894344
150 151 -0.15112915148933276
150 152 0.9641840306629306
151 149 -0.17071944686096613
151 150 0.7240505972258682
151 151 0.6487756988914533
151 152 0.16029876995240813
152 149 0.9051778963315863
152 150 0.35436597577902534
152 151 -0.10549491296153328
152 152 -0.2096391054697112
149 153 0.18795279705683682
150 154 0.19087855616636576
151 155 0.02145772302363418
152 156 0.01706258067550408
149 148 0.08972174860131292
150 148 0.12940767621359664
151 148 0.22388555148479025
152 148 0.14234367250100727
153 153 0.37099973573017064
153 154 0.9233337514548543
153 155 0.0709576974944702
153 156 0.06913020091632599
154 153 -0.10432362641224757
154 154 -0.06298843172691522
154 155 0.819415096158461
154 156 0.5600963654840131
155 153 0.8832284177458815
155 154 -0.35684329721093805
155 155 0.22500501117871052
155 156 -0.20480031314966524
156 153 0.2671766066601783
156 154 -0.1270830520900206
156 155 -0.5223951093744766
156 156 0.7997311475906549
153 157 0.23697167449877818
154 158 0.14947672065573783
155 159 0.274947876466934
156 160 0.15104302093051242
153 152 0.020782238141581245
154 152 0.05011841000538923
155 152 0.1290196516641742
156 152 0.06695167164673965
157 157 -0.07245907422215044
157 158 0.3525811793575505
157 159 0.8623114052832235
157 160 0.3561674252990866
158 157 0.598682625359442
158 158 -0.33188424989832993
158 159 -0.11154903129663998
158 160 0.7204087536801109
159 157 0.79648118789214
159 158 0.2348522486879324
159 159 0.18760513071461357
159 160 -0.5246584160667781
160 157 0.04411931537910057
160 158 0.8428426768492943
160 159 -0.4569246862063892
160 160 0.2808728168178426
157 161 0.07735325483118924
158 162 0.0902638841310655
159 163 0.17617561594246603
160 164 0.16061291405678776
157 156 0.20544518964851594
158 156 0.2952698793228811
159 156 0.23429208806720564
160 156 0.1262545653864561
161 161 0.889533633662997
161 162 0.031435507150927945
161 163 0.2441960980484839
161 164 -0.384850606301151
162 161 -0.2152324924347643
162 162 0.47983564357880176
162 163 0.8468655706147005
162 164 0.07906601456424406
163 161 0.3565795050616077
163 162 -0.23377440297679764
163 163 0.1396437291090809
163 164 0.893700293165091
164 161 0.18776566606449066
164 162 0.8450556742335513
164 163 -0.4513165185608016
164 164 0.2166526301875727
161 165 0.25024468523766097
162 166 0.2911711981523347
163 167 0.06289965363065819
164 168 0.06930687328051063
161 160 0.033069435387927525
162 160 0.2910251461003585
163 160 0.2892809717118779
164 160 0.23692270257567918
165 165 -0.040171519245302184
165 166 -0.44226845742110654
165 167 0.5750964485103037
165 168 0.6870581747732245
166 165 0.4466088991544365
166 166 0.5527906866561653
166 167 -0.30251967326885265
166 168 0.6351730435303233
167 165 0.8515041164795201
167 166 -0.08709056378201437
167 167 0.39339044623085295
167 168 -0.3355591306056993
168 165 -0.2717857241578707
168 166 0.700882516558011
168 167 0.650376720839878
168 168 -0.10911617257244226
165 169 0.26849946523042495
166 170 0.18307673306232555
167 171 0.012016237195264278
168 172 0.04690387487343062
165 164 0.07938811621572081
166 164 0.007747425782563399
167 164 0.27428626010132934
168 164 0.061252643630333156
169 169 0.9265403588902273
169 170 0.08497722770826045
169 171 -0.3389545697599354
169 172 0.13932563926802893
170 169 -0.18490001316697827
170 170 0.15955008989828234
170 171 -0.06780587862840547
170 172 0.967345913708086
171 169 0.0767264841694859
171 170 0.9097522480683516
171 171 0.39350022636247234
171 172 -0.10780290169681876
172 169 0.3185090188760917
172 170 -0.37372916225396385
172 171 0.8518625090441362
172 172 0.18223277383766562
169 173 0.04008791170732353
170 174 0.18542185929134544
171 175 0.10466834336425847
172 176 0.17710959328590872
169 168 0.04378634007866171
170 168 0.013049214288821775
171 168 0.12440844933432361
172 168 0.0077542029666222145
173 173 -0.21498534113030604
173 174 -0.29567474880154254
173 175 0.7667408217984056
173 176 0.527699022367994
174 173 -0.10195921055360198
174 174 0.8321503610320781
174 175 -0.07889486393159564
174 176 0.5393567432253751
175 173 0.6066969476559712
175 174 -0.35228230285489487
175 175 -0.3804424746019489
175 176 0.6025607988567839
176 173 0.7584882571189224
176 174 0.3098376972716178
176 175 0.5110260621062945
176 176 -0.2599009984787584
173 177 0.2162938512034365
174 178 0.011282120459764932
175 179 0.04791348598297487
176 180 0.17392098154143848
173 172 0.13673179333476673
174 172 0.12159280656286817
175 172 0.13405392689334777
176 172 0.2539192580599472
177 177 0.7629931137546582
177 178 0.3157471318285209
177 179 -0.43500797527218255
177 180 0.359045009093054
178 177 -0.6095275281405971
178 178 0.4778724191185235
178 179 -0.23877347255279313
178 180 0.5857485572237503
179 177 0.1858605126593623
179 178 0.5981782156237164
179 179 0.7791720560485942
179 180 0.023013023709030304
180 177 0.10850608570852127
180 178 -0.5604681276764091
180 179 0.38294411776091314
180 180 0.726261461111239
177 181 0.2392494948597296
178 182 0.16601873141436482
179 183 0.13771370885755554
180 184 0.19955287156469917
177 176 0.004302165188189399
178 176 0.06763890157424986
179 176 0.016484178031735762
180 176 0.15786903631579577
181 181 0.5223597570684892
181 182 0.09686615644463717
181 183 0.752685869540983
181 184 -0.3888717188538217
182 181 -0.28000863071049353
182 182 -0.16753593652250645
182 183 0.5952575975996712
182 184 0.7342991687323563
183 181 0.8048579886341808
183 182 -0.08393504790955018
183 183 -0.28128563230827014
183 184 0.5157876684461339
184 181 -0.03064423362925575
184 182 0.9774986268233786
184 183 0.003281364066703867
184 184 0.20867821676817647
181 185 0.252792840574506
182 186 0.28563124173546783
183 187 0.23034837416461887
184 188 0.14733655368477175
181 180 0.21979197969940437
182 180 0.09154816674624111
183 180 0.18860339858688513
184 180 0.1692390755410073
185 185 -0.5235827939437415
185 186 0.7276369751574308
185 187 0.42809042086716753
185 188 -0.11464764206725592
186 185 0.35216053779026846
186 186 0.4561349100118239
186 187 -0.12843560653590186
186 188 0.8071110174353524
187 185 0.3661729212762365
187 186 -0.24184683141333385
187 187 0.8907022376760229
187 188 0.1186466420017215
188 185 0.6839308482831885
188 186 0.4516585949448777
188 187 -0.08302054164153326
188 188 -0.5668780274843997
185 189 0.26956696231944716
186 190 0.04839329157275383
187 191 0.11330766264210913
188 192 0.20045703164428266
185 184 0.10821014562980043
186 184 0.17946941776176192
187 184 0.2460312737912664
188 184 0.19058839856878795
189 189 0.5275338883065971
189 190 0.7559461467406504
189 191 0.22378126368872867
189 192 -0.31650492245455164
190 189 -0.3650081292145913
190 190 0.5164879398982737
190 191 0.18097054604585158
190 192 0.7531659412179812
191 189 0.21801506298900716
191 190 -0.3601351099529552
191 191 0.8966349227399598
191 192 0.13717853407941857
192 189 0.7354906488904441
192 190 -0.17913216837512244
192 191 -0.3364779677911292
192 192 0.560131903072029
189 193 0.16897160717450932
190 194 0.17039376662577035
191 195 0.1754055440733646
192 196 0.1003195043479059
189 188 0.03239414427436338
190 188 0.2733199106027765
191 188 0.05782742737101951
192 188 0.03584847395129804
193 193 0.7157439439708358
193 194 0.21748192859491774
193 195 -0.27897311605925407
193 196 0.6021513247680331
194 193 0.6531833325080418
194 194 0.07886885903440807
194 195 0.47373956628449065
194 196 -0.5854076020559361
195 193 -0.22682402791186657
195 194 0.9654011046595917
195 195 0.12705707504433156
195 196 -0.020200672391172746
196 193 -0.09804591355379114
196 194 -0.12034126861258222
196 195 0.8255914991894908
196 196 0.5424976077091632
193 197 0.21047390351586306
194 198 0.1634569829237812
195 199 0.05830966152266421
196 200 0.27315288541701627
193 192 0.05331610650776084
194 192 0.27976179411384483
195 192 0.027033092520881128
196 192 0.08727565027825092
197 197 -0.40990959573543256
197 198 -0.3239334628323833
197 199 0.8311135998628448
197 200 0.19050306849092258
198 197 0.5011959433328397
198 198 0.578760652199753
198 199 0.5494570104402109
198 200 -0.3345679714648823
199 197 0.4825599333422564
199 198 0.037365253354707605
199 199 0.05234622490993029
199 200 0.873498495311889
200 197 -0.5898412162976032
200 198 0.7474670942352412
200 199 -0.06787525719145536
200 200 0.2979483714559997
197 201 0.09872583614215126
198 202 0.2967038210752749
199 203 0.14910311163388412
200 204 0.1641426066416445
197 196 0.247657509544243
198 196 0.2602988513361929
199 196 0.2107696018204375
200 196 0.04316029719651131
201 201 0.33996416587205025
201 202 -0.40853835189162574
201 203 0.7027375891585469
201 204 0.4729488997135204
202 201 -0.09377625084319201
202 202 0.34377931192301797
202 203 -0.34039314881066157
202 204 0.8701461392859788
203 201 0.8377955812501484
203 202 0.531436754213931
203 203 -0.012514444868243492
203 204 -0.12456696583736822
204 201 -0.41680804303473135
204 202 0.6576375719178249
204 203 0.624608496336735
204 204 -0.06039954939855546
201 205 0.1382144963006269
202 206 0.11098177960752477
203 207 0.026308722969686137
204 208 0.22764855016382338
201 200 0.209924947844872
202 200 0.24482369153496877
203 200 0.11584746718972018
204 200 0.2979742942044434
205 205 0.8286713324482284
205 206 -0.21814189246200347
205 207 0.4345317587751554
205 208 -0.27730865141092054
206 205 0.2721949897575253
206 206 -0.38572269107781765
206 207 -0.15941725107814766
206 208 0.8670144365564362
207 205 0.44945098802783645
207 206 0.8050499445698851
207 207 -0.35626093084000243
207 208 0.15154717175137744
208 205 -0.19289250812351474
208 206 0.3943687450709134
208 207 0.811693562763357
208 208 0.38525229835724656
205 209 0.1441614701145685
206 210 0.017105209113581533
207 211 0.12256127895396729
208 212 0.10787751563210857
205 204 0.0361871055867977
206 204 0.271155164709714
207 204 0.20228879111760026
208 204 0.10253652868395835
209 209 0.17354936658027137
209 210 0.5777032945819163
209 211 0.7704775700394415
209 212 -0.20616458196039456
210 209 -0.3661295242732293
210 210 0.019963546730989004
210 211 0.3028829813727243
210 212 0.8796661456780913
211 209 0.6707856176919216
211 210 0.4755258245464669
211 211 -0.39905834502468573
211 212 0.40580079171094446
212 209 0.6211895394424419
212 210 -0.6631255917399974
212 211 0.39418098752609426
212 212 0.13787441655259386
209 213 0.2131645286801386
210 214 0.04544286852199273
211 215 0.08235418561271221
212 216 0.12481844318882679
209 208 0.06775322747904848
210 208 0.14313366652406978
211 208 0.21835673685997514
212 208 0.17038212030721223
213 213 0.8289737467968435
213 214 -0.07514008892613534
213 215 0.38998597388056055
213 216 -0.39378602607787705
214 213 -0.10566816439939859
214 214 0.2737092050758389
214 215 0.8022820758699951
214 216 0.5198663105327614
215 213 0.1133360817945582
215 214 0.9583259889085408
215 215 -0.2120490047465169
215 216 -0.15427718927935113
216 213 0.5373934301026784
216 214 -0.0323811222071244
216 215 -0.3991110503358351
216 216 0.7422062608917495
213 217 0.09440458824137177
214 218 0.22433249852624296
215 219 0.22059005622702313
216 220 0.24595555550608225
213 212 0.27938941908562404
214 212 0.2523818075830249
215 212 0.23232435707139787
216 212 0.20884818334903632
217 217 0.8773448376588541
217 218 0.4300019478562667
217 219 -0.20860995996716633
217 220 -0.04296795638231071
218 217 0.4571399635238632
218 218 -0.6392267930605641
218 219 0.6160473994842326
218 220 -0.053830868204240885
219 217 0.045484192148585685
219 218 0.06381036376188293
219 219 0.11894964384942534
219 220 0.9898032167907225
220 217 -0.1386372166748533
220 218 0.634362411677977
220 219 0.7502122822370392
220 220 -0.12468193286697166
217 221 0.014441715498712825
218 222 0.29600714948563234
219 223 0.08535396693267787
220 224 0.23276356666580422
217 216 0.0010194836155305032
218 216 0.1770508209895181
219 216 0.23448332206529846
220 216 0.24030946189451785
221 221 0.08103782247951179
221 222 -0.4765413442920531
221 223 0.1506725765432489
221 224 0.86234505459585
222 221 -0.24149509479630787
222 222 0.19886592622065544
222 223 0.9492239219876626
222 224 -0.033262719433070534
223 221 0.1404346798510177
223 222 0.8556478689735727
223 223 -0.1266506924634252
223 224 0.4817721734540718
224 221 0.9567607282974374
224 222 -0.035034481439114036
224 223 0.24542070552973588
224 224 -0.15215180312876708
221 225 0.2573935590430918
222 226 0.08489724622829804
223 227 0.019411378309592987
224 228 0.14337582069687416
221 220 0.13699277815968233
222 220 0.0558913781790687
223 220 0.16908850591724311
224 220 0.0026133429672353437
225 225 0.6318863909039639
225 226 -0.3865793271809627
225 227 0.5589898358540276
225 228 -0.3725672774125026
226 225 -0.24976512307112167
226 226 -0.16846286606137692
226 227 0.6380956179922784
226 228 0.7085701294541753
227 225 0.6583780525161123
227 226 -0.1339968266745387
227 227 -0.43960459048401795
227 228 0.5960964640321437
228 225 0.3238445803973291
228 226 0.8967839968441983
228 227 0.29514767445520973
228 228 0.0615711053588035
225 229 0.11176670709949514
226 230 0.2068094311501196
227 231 0.140978939971582
228 232 0.2526903138045809
225 224 0.2258911784682516
226 224 0.18142747276401072
227 224 0.15013609310205356
228 224 0.26765180537865474
229 229 0.6916605589978843
229 230 0.45867904649863817
229 231 -0.4994824804154711
229 232 -0.2484682176614203
230 229 0.1905939724560803
230 230 0.5077098126343292
230 231 0.8203750840418759
230 232 -0.18135436388879883
231 229 0.6887851227861522
231 230 -0.5244277484410453
231 231 0.25919549130593533
231 232 0.4282152362775003
232 229 -0.10418571600085351
232 230 0.5067739290087547
232 231 -0.10158577916208895
232 232 0.8497092743582664
229 233 0.11826289628758306
230 234 0.20010777454813256
231 235 0.28644510412203933
232 236 0.13392278561718582
229 228 0.28338111121963055
230 228 0.15059985831308967
231 228 0.2598837835192695
232 228 0.0796657745065628
233 233 -0.22589276776747233
233 234 -0.1457909503070214
233 235 -0.18135953252003317
233 236 0.9459525232499993
234 233 0.9328809718247448
234 234 -0.2379719810905818
234 235 -0.23009550846496885
234 236 0.14198058179691472
235 233 0.1928643742968437
235 234 -0.03347955208239567
235 235 0.9547423786153123
235 236 0.223940713572644
236 233 0.20373728918574802
236 234 0.9596840389507169
236 235 -0.051300754617627835
236 236 0.18672411454909474
233 237 0.035044923156852655
234 238 0.10613984210772764
235 239 0.2289205122655107
236 240 0.22285748769226738
233 232 0.2125918954118348
234 232 0.2736511447066721
235 232 0.05440376009608323
236 232 0.22385033397459778
237 237 0.4069356820553756
237 238 0.2693159170730465
237 239 0.8434751344939305
237 240 -0.22454840229152545
238 237 0.12733221063508554
238 238 0.8747961841893918
238 239 -0.40355578128383635
238 240 -0.23592557227832517
239 237 0.8493705249021837
239 238 -0.11929873395003475
239 239 -0.25245219885180603
239 240 0.4478899538951471
240 237 -0.3110620038389426
240 238 0.3846665894208947
240 239 0.24891829217180395
240 240 0.8326534264466049
237 241 0.1536168883929824
238 242 0.02503768828558428
239 243 0.23908955679976573
240 244 0.18307117934567732
237 236 0.13078419657037932
238 236 0.13850072000703492
239 236 0.04806545734813676
240 236 0.2693343113714447
241 241 0.4919056916918995
241 242 0.4545233462407675
241 243 -0.4612009002149213
241 244 0.5820060548174357
242 241 -0.18572854880013423
242 242 -0.22384725508424913
242 243 0.5601332281979446
242 244 0.7756597702732774
243 241 -0.4460618045044968
243 242 0.8478995700970481
243 243 0.279323831215575
243 244 -0.06382305936326534
244 241 0.7242669143374585
244 242 0.15610013818887014
244 243 0.6289059497449111
244 244 -0.2356851502088427
241 245 0.1662218821480055
242 246 0.16480318166518887
243 247 0.006602089104235009
244 248 0.2600622396121043
241 240 0.27119817388614925
242 240 0.1560495245369336
243 240 0.034419365523133225
244 240 0.19107726256612456
245 245 0.11700162211824888
245 246 -0.1467723258589308
245 247 -0.17740699646504512
245 248 0.9660720792926942
246 245 0.5175556115450888
246 246 0.8187018282185934
246 247 -0.24820067287135292
246 248 0.01612238865459997
247 245 -0.328544503814012
247 246 0.44357747488381954
247 247 0.7945101214460306
247 248 0.25308338489342397
248 245 0.7813483975753022
248 246 -0.33380267316063705
248 247 0.5250493791171194
248 248 -0.048924497810887486
245 249 0.11077901545043571
246 250 0.20463508778444225
247 251 0.13645470123723732
248 252 0.01406181651900713
245 244 0.234605814896953
246 244 0.044253835836804575
247 244 0.1854691177984278
248 244 0.15923518906977158
249 249 -0.22363479575581735
249 250 -0.3361418869556639
249 251 0.14767944656696158
249 252 0.9028770076941907
250 249 -0.15537978515997397
250 250 0.9365551790026331
250 251 0.11925641304868546
250 252 0.29068785147258447
251 249 0.9620519021166373
251 250 0.07188714036112388
251 251 0.07124140544012332
251 252 0.25340291796934067
252 249 -0.01734180280866337
252 250 -0.06859495293337067
252 251 0.9792309998970383
252 252 -0.19000169248735896
249 253 0.06065599340961418
250 254 0.05974760940218038
251 255 0.08635091275631841
252 256 0.1656778690937646
249 248 0.11097353640586251
250 248 0.09737032894624838
251 248 0.23769695503139665
252 248 0.2237433116557718
253 253 0.923387249912884
253 254 0.05531085669703235
253 255 -0.30594207846814475
253 256 -0.2251580343944084
254 253 0.021886932424922605
254 254 0.4337654235600274
254 255 -0.4357181039541791
254 256 0.7883642897794092
255 253 0.36701111625373456
255 254 -0.40628964024501646
255 255 0.6235887447130533
255 256 0.5580041632846137
256 253 0.11036208331458847
256 254 0.8023197583786686
256 255 0.5724388665843416
256 256 -0.12812868494327398
253 257 0.16671929982313566
254 258 0.2925171046719441
255 259 0.27262680667731626
256 260 0.08273031457600973
253 252 0.2388882438417878
254 252 0.29801352682304866
255 252 0.1448216012698672
256 252 0.06804838844380134
257 257 -0.15587178109115485
257 258 0.0580679961268013
257 259 0.9858061393601546
257 260 -0.02276732933647106
258 257 -0.00910398968349775
258 258 0.23823254454771434
258 259 0.006956271693974461
258 260 0.9711405574757364
259 257 0.9650242107806155
259 258 -0.19558639718382204
259 259 0.16539632997131398
259 260 0.05584163210296356
260 257 0.21059291972562655
260 258 0.9495363730688734
260 259 -0.0279628309719538
260 260 -0.2307582684643786
257 261 0.28819438846240364
258 262 0.11390558298901914
259 263 0.09212374420575321
260 264 0.035829711787050744
257 256 0.1267228426360827
258 256 0.24587929742802841
259 256 0.20541367317296927
260 256 0.19788412098343508
261 261 -0.3745626257742481
261 262 0.4251050859893677
261 263 0.38268700681518575
261 264 0.7297528074998454
262 261 0.4223662362003384
262 262 -0.19417000997352313
262 263 0.8758747870133772
262 264 -0.12941455566941576
263 261 0.12861759521526359
263 262 0.8697146927187007
263 263 0.0609552475996297
263 264 -0.4725868441464755
264 261 0.815332518726012
264 262 0.15868215514691209
264 263 -0.28753864101920773
264 264 0.4768379048132142
261 265 0.10199753762859025
262 266 0.11733419829205453
263 267 0.26211419541451964
264 268 0.05775350447394114
261 260 0.29397638915283913
262 260 0.2078522108145795
263 260 0.15707337854517078
264 260 0.1404793009513408
265 265 -0.47700020807821625
265 266 0.4884147157056158
265 267 0.20466236993500903
265 268 0.7014521945992657
266 265 0.24681938460872024
266 266 0.8514961237734803
266 267 0.09502875053921823
266 268 -0.45277376155323473
267 265 0.521027272906605
267 266 -0.13183822576342516
267 267 0.8173360511677307
267 268 0.20763198832694132
268 265 0.6633864437582495
268 266 0.13792787574849352
268 267 -0.5301364261820554
268 268 0.5097545458004362
265 269 0.16466891249632207
266 270 0.074936085183704
267 271 0.0944155456010467
268 272 0.025033687263983185
265 264 0.22096803017401478
266 264 0.2945942894820585
267 264 0.1793025201650359
268 264 0.18359673425360384
269 269 -0.22910077232136977
269 270 0.3633777250058088
269 271 0.40010770161113574
269 272 0.8095574668933702
270 269 0.6171106227093626
270 270 -0.4561759105327117
270 271 0.6379404959268044
270 272 0.06410882658088063
271 269 0.7527859716896073
271 270 0.48387894223872435
271 271 -0.4017307523124967
271 272 0.19438840688606673
272 269 0.0007721970927670217
272 270 0.6524732461007026
272 271 0.5211124191712886
272 272 -0.5501998849690084
269 273 0.16319959773346518
270 274 0.20466302286449936
271 275 0.08319387473254991
272 276 0.29679785581396906
269 268 0.29814575748964844
270 268 0.17816681933563985
271 268 0.21124294743139607
272 268 0.2076065616753364
273 273 -0.052451882386242495
273 274 0.5116875809214523
273 275 0.8528251262090621
273 276 -0.09007732051626054
274 273 0.33067590319932433
274 274 -0.5184414945145415
274 275 0.4029932187859666
274 276 0.6778409322410136
275 273 0.18118590883966612
275 274 0.6803039558850361
275 275 -0.33064768528367505
275 276 0.6285143612214947
276 273 0.9247020674332868
276 274 0.08112190766650147
276 275 -0.03094960315692417
276 276 -0.3706581236740691
273 277 0.045616031683958266
274 278 0.09573914907165246
275 279 0.2649553999244455
276 280 0.20399849120068095
273 272 0.23565539061995378
274 272 0.16374251059482106
275 272 0.07454694510947797
276 272 0.27879667056117596
277 277 -0.16718873976811832
277 278 0.046155046564209726
277 279 0.15994628359501195
277 280 0.9717689145756564
278 277 0.6452044874773809
278 278 0.6236019873212539
278 279 -0.41522622576249396
278 280 0.14972946332324596
279 277 -0.3421455335389224
279 278 0.7523793991224763
279 279 0.532581816424393
279 280 -0.1822588337216112
280 277 0.6623409458225917
280 278 -0.20716059678843293
280 279 0.7199728999186519
280 280 0.005289802247970605
277 281 0.21531875224648314
278 282 0.2516372861972071
279 283 0.1609536334033723
280 284 0.0049781711760866765
277 276 0.2327959591300006
278 276 0.2909254229254408
279 276 0.09076632971191641
280 276 0.2888087128521513
281 281 0.2806824563830025
281 282 0.8538874394910129
281 283 0.43705882108997307
281 284 -0.03275952175670401
282 281 0.24734140383896325
282 282 -0.461686789490501
282 283 0.7704059034988923
282 284 0.36351379920297383
283 281 0.9225590206486853
283 282 -0.15482208108008938
283 283 -0.30356381968313534
283 284 -0.18100824293151477
284 281 0.0944692650840119
284 282 0.18371628207501162
284 283 -0.3511457505664618
284 284 0.9132472543151376
281 285 0.2743829477549624
282 286 0.02829422329945843
283 287 0.14533634292490974
284 288 0.1731909205346014
281 280 0.01622603812858141
282 280 0.08931084502173081
283 280 0.022673649041308617
284 280 0.24726976835901554
285 285 0.0890380553318471
285 286 0.6218538289473504
285 287 0.6923794486507122
285 288 -0.3549376553880663
286 285 0.8852194468770489
286 286 -0.40604624459051036
286 287 0.21735875653648612
286 288 -0.06533107286389742
287 285 0.44223474108113897
287 286 0.6624522116795284
287 287 -0.4383627621444727
287 288 0.41644158028091766
288 285 -0.11352175718474505
288 286 -0.09788426798196122
288 287 0.530286676061276
288 288 0.8344624149230492
285 289 0.04061744775701676
286 290 0.24910857086048493
287 291 0.2292933120571592
288 292 0.1569548858453019
285 284 0.04203233926639496
286 284 0.12572715820877486
287 284 0.022317607538228045
288 284 0.2637986389497859
289 289 0.32931437898438676
289 290 0.001970738601228822
289 291 0.9328118985965185
289 292 -0.14632196629437338
290 289 -0.1897161486796615
290 290 0.12360925226602448
290 291 0.2157083306954058
290 292 0.9498412771368658
291 289 -0.33494777943802423
291 290 0.915769097595295
291 291 0.08412825993317079
291 292 -0.20518133643110162
292 289 0.8621889629157992
292 290 0.3822091427910888
292 291 -0.276141836355842
292 292 0.18518112648729385
289 293 0.23663076674071049
290 294 0.2626892138704468
291 295 0.03516992578736209
292 296 0.28850063090213923
289 288 0.12064210315710923
290 288 0.11391236278694467
291 288 0.13554434396001327
292 288 0.2758200252604663
293 293 0.24835002785528915
293 294 0.6884665278054107
293 295 0.5533511854722312
293 296 -0.39766640453062574
294 293 0.6851850608868412
294 294 -0.37304074015986655
294 295 0.4607333955850912
294 296 0.42318645619999107
295 293 0.046520900771452794
295 294 0.6165626094749126
295 295 -0.25332713535264834
295 296 0.7439836805219051
296 293 -0.6831394453500588
296 294 -0.0818840330591185
296 295 0.6460283014103406
296 296 0.3305494473050254
293 297 0.2126346032190269
294 298 0.0740749543999464
295 299 0.24146715422767698
296 300 0.0166926154934266
293 292 0.0479625259279358
294 292 0.11287353493912397
295 292 0.18548565956327412
296 292 0.1375372968417101
297 297 0.8862120598650961
297 298 -0.3592383886709178
297 299 0.12938161771844145
297 300 -0.26236684632655927
298 297 0.3352137601396875
298 298 0.9329807678781431
298 299 0.04420100176238017
298 300 -0.12338919412057336
299 297 -0.1483778132268648
299 298 0.003953353388117855
299 299 0.9887399661530496
299 300 -0.019017751461949804
300 297 0.2832736212651796
300 298 0.021886933810419472
300 299 0.06082719598524513
300 300 0.9568579151850406
297 296 0.15822524582901706
298 296 0.19406481715365345
299 296 0.12208335971783055
300 296 0.29125190679623647
