400 4
1 1 0.01536309729258881
1 2 -0.2512613042998231
1 3 0.9196873012174104
1 4 -0.3013419987034105
2 1 -0.1649323243308135
2 2 -0.11564174637350523
2 3 0.2788244761625064
2 4 0.9389788210493492
3 1 -0.03938804784956158
3 2 0.960711947537251
3 3 0.27306057240173004
3 4 0.030315991579084836
4 1 0.9853983383987487
4 2 0.022962955306760888
4 3 0.04324469067735161
4 4 0.163072726391587
1 5 0.11886701315744114
2 6 0.10369330292040942
3 7 0.24179292934539307
4 8 0.13719646398651525
5 5 0.0007974682766188561
5 6 0.21034670988171908
5 7 0.7651553578396348
5 8 -0.6085153277080081
6 5 -0.09826371035542296
6 6 0.5512748322673114
6 7 0.41762700419240695
6 8 0.715561309675913
7 5 0.2571476568952043
7 6 0.7922112118301508
7 7 -0.4612567655081076
7 8 -0.30580823186583617
8 5 0.9613629334568915
8 6 -0.15572962724281986
8 7 0.16543022701905144
8 8 0.1554427012194461
5 9 0.022310519633959868
6 10 0.060310449123820484
7 11 0.1908204250670404
8 12 0.2816954298827541
5 4 0.1661990722279443
6 4 0.1289265068968001
7 4 0.11340895542854457
8 4 0.2138412380276758
9 9 -0.037669216123838015
9 10 -0.03683620420765682
9 11 0.5277012031482726
9 12 0.8477945295954988
10 9 0.6612980691537758
10 10 0.018926917985746406
10 11 0.6498106471448614
10 12 -0.3742629535049199
11 9 0.7472806149480241
11 10 0.05251802836090098
11 11 -0.5458842028603442
11 12 0.37526520793635215
12 9 -0.05326890662485254
12 10 0.9977608543795534
12 11 0.035888718569616396
12 12 0.018646740578646317
9 13 0.15180918885332018
10 14 0.10610857171659495
11 15 0.03476573986158926
12 16 0.15181956758904522
9 8 0.13411273527304174
10 8 0.009361105886085408
11 8 0.2911089897911868
12 8 0.0037590325928751776
13 13 0.4629548041431103
13 14 -0.08521828471619
13 15 0.8540942789951267
13 16 -0.22120952931245846
14 13 0.0569314366658469
14 14 0.9805821855850504
14 15 0.10692321402344757
14 16 0.15422326392378027
15 13 0.8802758874401647
15 14 -0.0356713334619497
15 15 -0.42907849334858156
15 16 0.19933279837043352
16 13 -0.0868678469366384
16 14 -0.1729854827213027
16 15 0.2738284781325749
16 16 0.94209764064022
13 17 0.08552526644697542
14 18 0.29781488329935407
15 19 0.2716113067246098
16 20 0.21171001625031663
13 12 0.02806625453142968
14 12 0.024826132585130046
15 12 0.12453388347823546
16 12 0.276106839069955
17 17 0.5187055430563648
17 18 -0.05742251023242428
17 19 -0.02886860563206785
17 20 0.8525337638651429
18 17 0.7725896320126118
18 18 -0.14568413108619235
18 19 0.4057030962181206
18 20 -0.4661398847720591
19 17 -0.3643644162809312
19 18 -0.29788567414155925
19 19 0.8516972742068992
19 20 0.2304657249961959
20 17 0.035894181387442124
20 18 0.9416702790305623
20 19 0.33042904599388234
20 20 0.052776309994170274
17 21 0.12793837080664008
18 22 0.20786631188737492
19 23 0.20915256389082731
20 24 0.11550509924420928
17 16 0.29884098137501897
18 16 0.2400231201148676
19 16 0.22369305307776913
20 16 0.25308849947267925
21 21 0.7449894623516309
21 22 0.6108191886016264
21 23 -0.25377744144283765
21 24 -0.08653109288460945
22 21 0.38789528485431085
22 22 -0.15748888566588984
22 23 0.8595670051913825
22 24 -0.2930512966458718
23 21 -0.3178998333987594
23 22 0.6473698696069207
23 23 0.44348921802787783
23 24 0.5321365063056487
24 21 0.43984957076012005
24 22 -0.42779600471823637
24 23 -0.007673805709449102
24 24 0.7895973949774575
21 25 0.07968753984560274
22 26 0.2710364842971991
23 27 0.10132978552845803
24 28 0.2647163025694966
21 20 0.02130601945535535
22 20 0.11940559418382461
23 20 0.29006509671541775
24 20 0.11124410263974867
25 25 0.12068246894505212
25 26 0.8910060824355467
25 27 -0.017052656811907662
25 28 0.43732494743364636
26 25 -0.26703585298060817
26 26 0.16369161754225336
26 27 0.9229291534280605
26 28 -0.22382735606239754
27 25 0.4515417392290254
27 26 -0.40011112080118294
27 27 0.3726132592215762
27 28 0.7051102805927044
28 25 0.8427559864197185
28 26 0.13865174510434955
28 27 0.09523835204629082
28 28 -0.5113391215551111
25 29 0.17195159801002174
26 30 0.07894712833167429
27 31 0.25733387149504056
28 32 0.15573856974964476
25 24 0.1772478250273169
26 24 0.2230096212375025
27 24 0.13391880859472927
28 24 0.17959823354056753
29 29 -0.0848148920235805
29 30 -0.39895721004643797
29 31 0.7400515591431545
29 32 0.5347553351325979
30 29 0.6638380402325648
30 30 0.19239411780568016
30 31 0.5327069925700635
30 32 -0.48839207593993655
31 29 0.6788853357580784
31 30 0.15493627119016515
31 31 -0.3073297428677126
31 32 0.6485814381488224
32 29 -0.3020599134672752
32 30 0.8830698725782823
32 31 0.2722046638571988
32 32 0.2342051019835134
29 33 0.06004523374095254
30 34 0.231778864724989
31 35 0.26293840063417967
32 36 0.03513117321918952
29 28 0.059005861312983326
30 28 0.13069976253768303
31 28 0.13420601817269806
32 28 0.08395855774011003
33 33 0.2737780560707438
33 34 0.3094296364700948
33 35 -0.19118003098859568
33 36 0.8903645724304786
34 33 0.48943532154957636
34 34 -0.39301263827974553
34 35 0.7638478272433081
34 36 0.15010206190367503
35 33 0.6385997505512601
35 34 0.6451491254143129
35 35 0.005184524809539572
35 36 -0.41945927725527143
36 33 -0.5269620485667402
36 34 0.5775612280992607
36 35 0.6164088036923037
36 36 0.0936707739769519
33 37 0.11789265512812823
34 38 0.0857344443625506
35 39 0.02056337283910954
36 40 0.22742608335875525
33 32 0.14559748588281243
34 32 0.22601133007180257
35 32 0.12279820463883992
36 32 0.09890254077051708
37 37 0.8124883093670828
37 38 -0.1483881017352892
37 39 0.5327070264653072
37 40 0.1845723228431255
38 37 0.3020732507258528
38 38 0.9331633170463255
38 39 -0.16475902594603295
38 40 -0.10398287495702851
39 37 0.005737092311968801
39 38 0.0463779545364429
39 39 -0.3233037675556531
39 40 0.9451406482577817
40 37 -0.4985795664781493
40 38 0.3240930118276404
40 39 0.7645602404049829
40 40 0.24865593571604933
37 41 0.09237539478478371
38 42 0.058247468523614065
39 43 0.21947914902972657
40 44 0.26713233228270716
37 36 0.2994180447814534
38 36 0.2886760135317643
39 36 0.24415086142681683
40 36 0.11871716571134999
41 41 0.12061014073447056
41 42 -0.10815144271857764
41 43 0.2805907056416138
41 44 0.9460577758770561
42 41 0.4564364550211615
42 42 -0.3798159261462234
42 43 0.7380277081405284
42 44 -0.3205007438216636
43 41 -0.17905610893639828
43 42 0.8324659728518081
43 43 0.5230301410344199
43 44 -0.03713200056506183
44 41 0.8631673454969682
44 42 0.38864319333737085
44 43 -0.3209726304436162
44 44 0.029583313647283692
41 45 0.2274168635736898
42 46 0.04969745019129548
43 47 0.29245840533779127
44 48 0.06803419938714299
41 40 0.18084865798872388
42 40 0.12217621384911838
43 40 0.16454162135307374
44 40 0.08200458354987328
45 45 0.05884817329345436
45 46 0.9856820170353787
45 47 0.01624394611215356
45 48 0.15717502348590803
46 45 -0.3790975016764593
46 46 -0.12195287543092469
46 47 0.25897137145344795
46 48 0.8799695501347284
47 45 0.6641047628884994
47 46 -0.10104328710043348
47 47 -0.5913697042060405
47 48 0.4461356195015251
48 45 0.6417061949455531
48 46 -0.05786805335533122
48 47 0.7635128263031904
48 48 0.04373341788470505
45 49 0.15562495597704726
46 50 0.1182099268166829
47 51 0.11321349395158477
48 52 0.13851824587320757
45 44 0.20179363973092268
46 44 0.04936298403182053
47 44 0.07624032546147863
48 44 0.20194440441135816
49 49 0.7814715802460288
49 50 0.5754467816270439
49 51 -0.047231936187956146
49 52 -0.23650013739274747
50 49 0.2683902434519367
50 50 -0.00019795939559501299
50 51 -0.2370095423035096
50 52 0.9336986210169581
51 49 -0.5452915584063746
51 50 0.8173624479655477
51 51 0.06626537644224123
51 52 0.1737372869348527
52 49 0.14115935257124015
52 50 -0.027921156547019366
52 51 0.9680932397997549
52 52 0.2051582931610607
49 53 0.16666457872543336
50 54 0.1227663938572224
51 55 0.1657778141376636
52 56 0.25814799813889805
49 48 0.11105449399920665
50 48 0.10961174089073268
51 48 0.09040726763659883
52 48 0.2102834216406467
53 53 0.6980721077908704
53 54 -0.5702058695240572
53 55 -0.21770074895208383
53 56 0.3743888120529604
54 53 0.32312273946770054
54 54 0.7408409432828126
54 55 0.095075708926966
54 56 0.5811256332040053
55 53 -0.38050028134782804
55 54 -0.3516769167583156
55 55 0.6523351540145659
55 56 0.5531742301936898
56 53 0.5133289037815073
56 54 0.04840774045037651
56 55 0.7197401199839628
56 56 -0.4648916937227806
53 57 0.2988008434423393
54 58 0.15192626804060194
55 59 0.040731657505531135
56 60 0.26108315188548964
53 52 0.06179341286679549
54 52 0.29809249193182774
55 52 0.1377556794265486
56 52 0.21413375117165429
57 57 0.5162906768487386
57 58 -0.4153606178981091
57 59 0.5214223740400767
57 60 0.5376227319866432
58 57 0.5535974487984667
58 58 0.5573315393297751
58 59 -0.4916342107431593
58 60 0.37577549518174175
59 57 -0.45040853774029954
59 58 0.6095489530662449
59 59 0.5021416066484674
59 60 0.4164565161202131
60 57 0.47339830039148306
60 58 0.38119179710934126
60 59 0.4840127245743199
60 60 -0.6295383590005844
57 61 0.20253439171068738
58 62 0.0116551907950994
59 63 0.13869287696121343
60 64 0.21599235491331553
57 56 0.01560420731949661
58 56 0.14698152306317605
59 56 0.18998462794745252
60 56 0.14006296743343313
61 61 -0.20636939489213094
61 62 -0.14027539508326875
61 63 0.45996847269447294
61 64 0.8521522695582059
62 61 0.41412653258384263
62 62 0.7815125578810296
62 63 -0.2746866203359299
62 64 0.37720630627384566
63 61 -0.07195715962761969
63 62 0.49051839029643407
63 63 0.7891230542980412
63 64 -0.36262746880876306
64 61 0.883590999863774
64 62 -0.35909976913036046
64 63 0.30043480143097373
64 64 -0.0072959481487357754
61 65 0.24769686250468353
62 66 0.14118158531027875
63 67 0.23256630500245115
64 68 0.26605298697963614
61 60 0.028036914909358158
62 60 0.08412861091632658
63 60 0.15061767333103224
64 60 0.08529399285884616
65 65 0.13777256368666435
65 66 -0.12875775242567547
65 67 0.9448913295118371
65 68 -0.26762013619839137
66 65 0.1971012615373653
66 66 -0.6017455830776859
66 67 0.10639645914670545
66 68 0.7666375541466248
67 65 -0.2552526351040049
67 66 0.7113870997735434
67 67 0.2991340498142276
67 68 0.5824888898425343
68 65 0.936491273674264
68 66 0.3394879802181089
68 67 -0.07986857414612988
68 68 0.03678337237459559
65 69 0.07755141082552798
66 70 0.15642839979404322
67 71 0.08803933157136871
68 72 0.12311111570940282
65 64 0.08831613926740871
66 64 0.031133538998179344
67 64 0.26081096527374636
68 64 0.2966578543407333
69 69 -0.1734044063184404
69 70 0.9757912944326348
69 71 0.04550527642106466
69 72 -0.1252658428969161
70 69 0.9373942245633894
70 70 0.16463625286804087
70 71 0.29300660894969827
70 72 0.09129128714489235
71 69 -0.25299667621947025
71 70 -0.11515024560063614
71 71 0.9382564121839515
71 72 -0.2059320464515241
72 69 -0.1649716989257602
72 70 0.08640992355723418
72 71 0.17818895006520494
72 72 0.9662123792102029
69 73 0.25040491829404976
70 74 0.1655234442251533
71 75 0.025606797268631597
72 76 0.13106113281150789
69 68 0.22150742819476868
70 68 0.1178035156219226
71 68 0.15999471789279926
72 68 0.29057916191324457
73 73 0.8603930575264552
73 74 0.22042415777100616
73 75 -0.23781909182896438
73 76 0.3931654318386433
74 73 0.11536147044410004
74 74 0.7463205437862402
74 75 0.5679321030438186
74 76 -0.3273385149838195
75 73 -0.35650212526273173
75 74 0.19505305637023093
75 75 0.31123404095061763
75 76 0.8590657202084933
76 73 0.3454298081816449
76 74 -0.5969699672464148
76 75 0.7238981818235365
76 76 0.016629136417284984
73 77 0.2997193102900901
74 78 0.26610484771114
75 79 0.2659487060861205
76 80 0.006353323984975567
73 72 0.012690835537110168
74 72 0.21991014358738667
75 72 0.16035868546511625
76 72 0.09348208566569924
77 77 0.8898944025182121
77 78 -0.1621463206607807
77 79 -0.19916067542385502
77 80 0.377003379862356
78 77 0.3351039841996284
78 78 0.8653631975461773
78 79 0.20966098855821594
78 80 -0.3080489019343895
79 77 -0.3078527419199811
79 78 0.47411654870480807
79 79 -0.43589881252679086
79 80 0.7003087981557311
80 77 -0.03193683504418434
80 78 -0.008282830015721191
80 79 0.8522731489840798
80 80 0.5220554690979228
77 81 0.2500905023646061
78 82 0.12350337407539214
79 83 0.19593195661978172
80 84 0.28774414954432087
77 76 0.18743497409039525
78 76 0.06569815649103154
79 76 0.1715404491389906
80 76 0.14229988841087976
81 81 0.11127965558642004
81 82 -0.21782276941825662
81 83 0.9691881505879771
81 84 -0.029058701543329086
82 81 -0.13853010041524935
82 82 0.962340884913504
82 83 0.2311093690172281
82 84 -0.03602626896159163
83 81 0.06251886177189234
83 82 0.038769771395424285
83 83 0.03142159783364048
83 84 0.9967953550946522
84 81 0.9820985904960129
84 82 0.15795621916468153
84 83 -0.07921787362644316
84 84 -0.06524354275365706
81 85 0.03851481334769797
82 86 0.2558444319627567
83 87 0.1573022208302664
84 88 0.23893103304048235
81 80 0.053162909431225876
82 80 0.19159767355942203
83 80 0.10339072279921728
84 80 0.18320210121738542
85 85 0.34369402823834994
85 86 0.21940787100629508
85 87 0.012977542124634853
85 88 0.912998458100661
86 85 0.12279889269492303
86 86 0.8459222720348163
86 87 0.4514801067552178
86 88 -0.2559329108040859
87 85 0.9064817235208749
87 86 -0.2892844759472184
87 87 0.14030388949086986
87 88 -0.27371553754272093
88 85 -0.21233401006155717
88 86 -0.3906279403625423
88 87 0.8810857592756988
88 88 0.16128225314913652
85 89 0.04720232001951796
86 90 0.11850151521959319
87 91 0.1928744565663958
88 92 0.017051290495333847
85 84 0.06295199247553641
86 84 0.2746522155770012
87 84 0.12579262068023175
88 84 0.1838900852808599
89 89 -0.014082023024672442
89 90 -0.37714821630870793
89 91 -0.08598939225171062
89 92 0.9220448709162017
90 89 0.6853817945913685
90 90 0.3710219688218447
90 91 -0.617778488403821
90 92 0.10461469093663292
91 89 0.6199374362215818
91 90 0.10013933636641287
91 91 0.7685957912321358
91 92 0.12210732239859226
92 89 -0.38174738694752086
92 90 0.8426589078024493
92 91 0.14218323876575067
92 92 0.35210626843895404
89 93 0.26294490234887913
90 94 0.10709993581514156
91 95 0.20743423013405785
92 96 0.041006477917097085
89 88 0.29519181593678506
90 88 0.06755948564072212
91 88 0.04862912240934116
92 88 0.09462997614778716
93 93 0.872909181345134
93 94 0.22604345664442801
93 95 0.391502443333967
93 96 -0.1834659469632979
94 93 -0.11143658770328783
94 94 0.8697787497154177
94 95 -0.387208448886317
94 96 -0.28484457266302976
95 93 0.32676380241197
95 94 0.13354129377891483
95 95 -0.41201857170110473
95 96 0.8400195455240942
96 93 -0.34472723344361056
96 94 0.4177990008455936
96 95 0.725972554955053
96 96 0.4237581608261602
93 97 0.2695600400425087
94 98 0.12249015765286313
95 99 0.28030000412247325
96 100 0.18661758164369568
93 92 0.1517839326994387
94 92 0.1331576651931829
95 92 0.05079637520482711
96 92 0.11557925853979749
97 97 0.1567235770213692
97 98 0.8900484136003732
97 99 0.3147590313836466
97 100 -0.29013495827892843
98 97 0.7620778616491886
98 98 0.1636571502834459
98 99 -0.39121294162165743
98 100 0.4892914307986936
99 97 -0.30395099704522466
99 98 0.14705160966567374
99 99 0.4812047872163538
99 100 0.8089694482797308
100 97 0.5498080070215801
100 98 -0.39925678792388153
100 99 0.7185548964624924
100 100 -0.1482701368497365
97 101 0.11015623063554143
98 102 0.23894649466892137
99 103 0.21759364368089587
100 104 0.15571919453667227
97 96 0.0769908526166478
98 96 0.0354774360086797
99 96 0.09137335137556786
100 96 0.05572292199658648
101 101 0.9648741022636094
101 102 -0.07632690913272473
101 103 -0.1959163829816648
101 104 0.15750854136401637
102 101 -0.0985459928705337
102 102 0.21177802810791577
102 103 0.19757190464929278
102 104 0.9520525702886024
103 101 0.24352287622181096
103 102 0.39472596922219266
103 103 0.852924809252658
103 104 -0.23959817975012623
104 101 -0.0018063296517891216
104 102 0.8907949702229847
104 103 -0.4417028221937791
104 104 -0.10667555982825716
101 105 0.2564373882415713
102 106 0.11794882092961206
103 107 0.15303437555266472
104 108 0.029758453331081246
101 100 0.1619806003028148
102 100 0.25486648417369423
103 100 0.04989126110792645
104 100 0.23182147560426075
105 105 -0.07130858443725321
105 106 -0.06928158852451849
105 107 0.6804372337813077
105 108 0.726030521507957
106 105 0.594732336791421
106 106 0.6112664095167196
106 107 0.43413409711847756
106 108 -0.2901282645491105
107 105 0.8006219499087219
107 106 -0.4484214308541937
107 107 -0.27144447083607304
107 108 0.2902423348299792
108 105 -0.01459543368752882
108 106 0.6484378601213344
108 107 -0.5242620106928313
108 108 0.5517831630459991
105 109 0.25567029422109827
106 110 0.05367014275081059
107 111 0.092269704946166
108 112 0.024265052708305146
105 104 0.2680909580312245
106 104 0.04191681520024213
107 104 0.27076417801612496
108 104 0.1761663793547022
109 109 0.5512026422654257
109 110 -0.19654357773218484
109 111 0.7724251659816952
109 112 -0.2467906646735184
110 109 -0.10170626636691664
110 110 -0.41290947294653835
110 111 0.24581568411310317
110 112 0.8710546779489344
111 109 0.7867372340978981
111 110 0.3526745984827817
111 111 -0.3567477883598018
111 112 0.3597167880004888
112 109 -0.2586039578686004
112 110 0.8163926854083483
112 111 0.46439748912170986
112 112 0.2257475321767518
109 113 0.23727843567227422
110 114 0.26293655800575516
111 115 0.05541904770799264
112 116 0.14496831331567828
109 108 0.10478434426804381
110 108 0.11261763591036705
111 108 0.1321703665162196
112 108 0.16789250815091605
113 113 -0.6341160259571248
113 114 0.5419891161818022
113 115 0.5252833958248863
113 116 0.16799410000201467
114 113 0.43644401434696056
114 114 0.834032924353747
114 115 -0.2681395595989747
114 116 -0.20495580014411477
115 113 0.32512927853741325
115 114 0.06819666397304473
115 115 0.020545398365316755
115 116 0.9429835915150905
116 113 0.5492762876756959
116 114 -0.07736985238032164
116 115 0.8073143237022082
116 116 -0.20137787486489078
113 117 0.06970859901314998
114 118 0.028823599827722934
115 119 0.03629878169586415
116 120 0.11115163861794328
113 112 0.16647647473069277
114 112 0.1128961478982649
115 112 0.1468978322325142
116 112 0.13045376551204194
117 117 0.3985432022582232
117 118 -0.41160652893874644
117 119 0.6770376364523436
117 120 0.46191278407918396
118 117 -0.21668347225160728
118 118 0.6035438836037864
118 119 0.7035038970041713
118 120 -0.30637447726171985
119 117 -0.35263110662373626
119 118 0.41773232758442574
119 119 -0.10521696329383035
119 120 0.8307107774475075
120 117 0.8184515205117936
120 118 0.5401986193895311
120 119 -0.18876359914505303
120 120 0.05187353679269965
117 121 0.2978021309458329
118 122 0.25432914198639184
119 123 0.2365281494153726
120 124 0.040132721585460905
117 116 0.07119389074570197
118 116 0.07147797284732313
119 116 0.14326623069234315
120 116 0.09987758148115312
121 121 0.293900882517942
121 122 -0.06036715820219849
121 123 -0.13966985646059116
121 124 0.9436473963626679
122 121 0.6238908332028398
122 122 0.7562265825279934
122 123 -0.11173328506974145
122 124 -0.16247232727766794
123 121 -0.5077313094062516
123 122 0.5658031613159128
123 123 0.5857472613593799
123 124 0.28102641495688385
124 121 0.5163249141279685
124 122 -0.3230231334340344
124 123 0.7905113218757762
124 124 -0.06447083296667035
121 125 0.2624598015460253
122 126 0.0647923129836536
123 127 0.12251913524036052
124 128 0.2732109746165207
121 120 0.2748058370523696
122 120 0.13198236558189141
123 120 0.09032678195147871
124 120 0.08489815682081037
125 125 0.05174444630786836
125 126 -0.3678197842502757
125 127 -0.21160092475900527
125 128 0.904022216116123
126 125 0.9830798170251552
126 126 0.1622525995383625
126 127 0.08010113833732184
126 128 0.028495173940456687
127 125 -0.10998734102064751
127 126 0.1522446980335927
127 127 0.9390216547995897
127 128 0.2880324088593303
128 125 -0.13703784312841386
128 126 0.9028866219951348
128 127 -0.2589347178260176
128 128 0.31459368918859215
125 129 0.2208399762629765
126 130 0.1549474552814757
127 131 0.07891938234575502
128 132 0.1457261453851082
125 124 0.23895971199610838
126 124 0.16935525668669066
127 124 0.11871791334983611
128 124 0.12671965423379122
129 129 -0.3279681321981801
129 130 -0.06385206171151996
129 131 0.7000107814601327
129 132 0.6311455650776607
130 129 0.5328287282874818
130 130 0.24881337348247617
130 131 0.6746194081370918
130 132 -0.4461772132825424
131 129 0.7700195948714423
131 130 -0.042758162304405954
131 131 -0.19072567068438617
131 132 0.6073428040343949
132 129 -0.12490105719329288
132 130 0.9654980885262323
132 131 -0.13600470045673382
132 132 0.18361886727094137
129 133 0.06271658330429299
130 134 0.045453502505176414
131 135 0.10712238681257018
132 136 0.24047569413416525
129 128 0.0647092173843501
130 128 0.029978946362168177
131 128 0.1832163985593138
132 128 0.11089486476413084
133 133 0.24804345834070157
133 134 -0.25028232469630374
133 135 0.3033426868051131
133 136 0.8853340697617218
134 133 0.4939461063110337
134 134 0.7163266278379188
134 135 -0.44303009665294607
134 136 0.21591141648881335
135 133 0.6065477612521111
135 134 0.1218497107887865
135 135 0.6917347463978105
135 136 -0.3724989958734079
136 133 -0.5714818458661709
136 134 0.6398340161132878
136 135 0.48291882179874945
136 136 0.17552875326351214
133 137 0.21964660757974333
134 138 0.08371598744161209
135 139 0.24038146820477446
136 140 0.21218022643329218
133 132 0.2580064094173308
134 132 0.011916907567110058
135 132 0.11929065039441183
136 132 0.22330877358059342
137 137 0.8209689368243261
137 138 -0.15527771168937862
137 139 0.5465712534942858
137 140 -0.05620232980695613
138 137 -0.47656483414116013
138 138 -0.02770753291242406
138 139 0.7542929100452773
138 140 0.45073324409825977
139 137 0.30650212228304646
139 138 0.14868929226030872
139 139 -0.3275139356184189
139 140 0.8812959578818284
140 137 0.0703733803759037
140 138 0.9762236522639399
140 139 0.15822987292178795
140 140 -0.13037743443586167
137 141 0.1213617921699881
138 142 0.03519719239005725
139 143 0.29925603339104845
140 144 0.215129338142413
137 136 0.003354805189750265
138 136 0.23371876440033357
139 136 0.01908455989600255
140 136 0.19402293458204392
141 141 0.7766894665200095
141 142 0.013669299579116324
141 143 0.2816220009238344
141 144 0.563254535216127
142 141 -0.4088793369780127
142 142 0.6248162475480702
142 143 -0.1821435969263466
142 144 0.6397234204647362
143 141 -0.3747060676240544
143 142 -0.03187387787831991
143 143 0.9249621362085156
143 144 0.05499513956064632
144 141 0.2986076410191165
144 142 0.7800011942029084
144 143 0.1787674614547282
144 144 -0.5200709648615922
141 145 0.2874858695068335
142 146 0.10921204284931393
143 147 0.22485171713913676
144 148 0.0017681030481304205
141 140 0.27661423543306035
142 140 0.05878991883361444
143 140 0.28034729402218994
144 140 0.18989977524946194
145 145 0.5912352529728263
145 146 0.650654782320282
145 147 -0.2860673084352722
145 148 0.3811229787489917
146 145 0.5876390161776652
146 146 -0.17659231626544897
146 147 0.7894213515558421
146 148 -0.017591765388870476
147 145 -0.27773891884522384
147 146 -0.2072346472158986
147 147 0.18089978855577085
147 148 0.9204293348500285
148 145 -0.47747497868117733
148 146 0.7088845527115487
148 147 0.512108085517915
148 148 -0.0851213510673637
145 149 0.20907919372297826
146 150 0.26133217765478495
147 151 0.15240399076596156
148 152 0.2034997869844499
145 144 0.2917701093564872
146 144 0.2587867227963446
147 144 0.06555308072123682
148 144 0.13139150041821965
149 149 -0.3105816121692533
149 150 0.3777112138317337
149 151 0.08338526142157632
149 152 0.8682857820474554
150 149 0.13416330239307134
150 150 0.918339404203918
150 151 0.09337805941171465
150 152 -0.3604628760328602
151 149 0.29793731283058444
151 150 -0.11400905100753515
151 151 0.9454959797330998
151 152 0.06536548187076373
152 149 0.8926212119911916
152 150 0.03144700177303102
152 151 -0.3006073660220307
152 152 0.3344752150401587
149 153 0.09928726750375112
150 154 0.253789914777985
151 155 0.058351252998701295
152 156 0.207783835755556
149 148 0.2812815338369558
150 148 0.1472469676322504
151 148 0.0014551706899103456
152 148 0.29777615604735036
153 153 0.34082388062272323
153 154 0.8760683666217408
153 155 -0.2285453889723055
153 156 0.25320012753053756
154 153 0.8992929818924631
154 154 -0.23224779348814925
154 155 0.3617579642457055
154 156 -0.08040068683568932
155 153 -0.06562748290971201
155 154 -0.181000595944194
155 155 0.2573965982029333
155 156 0.9469312588505777
156 153 -0.2660906774074676
156 154 0.38184285209029145
156 155 0.8663978137771691
156 156 -0.1809602607937142
153 157 0.2875646134530724
154 158 0.2723470348987212
155 159 0.11753408657150549
156 160 0.014470953696953615
153 152 0.0038907803098019444
154 152 0.2855738884287657
155 152 0.017073228558526242
156 152 0.04785962470340492
157 157 0.3390695391505559
157 158 0.939954466527565
157 159 0.03561511173352736
157 160 -0.015780123298574904
158 157 -0.509044452214527
158 158 0.1530919476834972
158 159 0.8428905237459113
158 160 0.08349949822261642
159 157 0.7902169457047951
159 158 -0.3029937006362363
159 159 0.521517239378929
159 160 0.10849776553609226
160 157 -0.03824620256740069
160 158 0.03526008769292056
160 159 -0.12762013095955024
160 160 0.9904580033393282
157 161 0.2676593360645246
158 162 0.24770199103119
159 163 0.03577828845112656
160 164 0.11611637478591427
157 156 0.1272987302134881
158 156 0.038276197536806666
159 156 0.015050083202339625
160 156 0.17154674563506095
161 161 0.7731279637520305
161 162 0.5789239163686434
161 163 -0.07820506717001285
161 164 -0.24699032003292262
162 161 -0.19742774228836601
162 162 0.5230438741527408
162 163 -0.390242068268246
162 164 0.7315452962325245
163 161 0.48160680504384756
163 162 -0.30322268970060745
163 163 0.5293861068101446
163 164 0.6291750437696851
164 161 -0.3624228518940482
164 162 0.5471089518719405
164 163 0.7492299016583986
164 164 -0.08930859794844913
161 165 0.10434689760803037
162 166 0.06350646724601258
163 167 0.22615899175002888
164 168 0.040659846671027865
161 160 0.2258703205495215
162 160 0.11607282543155772
163 160 0.06450952696804295
164 160 0.2370434771805239
165 165 -0.23735973932729384
165 166 -0.09148139152170841
165 167 0.8324254128613293
165 168 0.4923001535388517
166 165 0.31226381419648414
166 166 0.7939361305952884
166 167 0.38468949395458396
166 168 -0.35237866581251864
167 165 0.2209040697147128
167 166 0.43901452796595997
167 167 -0.35822910803617714
167 168 0.7938132918853824
168 165 0.8929462786043852
168 166 -0.4105640264020438
168 167 0.17536770346679226
168 168 0.0577086850647711
165 169 0.06315434374170936
166 170 0.2331122731259493
167 171 0.06127196818001088
168 172 0.19897336157091516
165 164 0.07298952544293351
166 164 0.043544702196281614
167 164 0.13403811432580842
168 164 0.12400553360937011
169 169 0.24916796799774177
169 170 0.42187146875400805
169 171 0.7101633546190639
169 172 -0.5055766977733543
170 169 0.39588210994933376
170 170 0.7662876905238407
170 171 -0.308583378933116
170 172 0.4010696057044494
171 169 0.7603079595593704
171 170 -0.47187176668596814
171 171 0.2678063354369861
171 172 0.35713948134467255
172 169 -0.4506933385092419
172 170 0.11029358552353309
172 171 0.5733446386792419
172 172 0.6752679208384817
169 173 0.12981432419211095
170 174 0.21080467249944593
171 175 0.08976364140034689
172 176 0.019052701671027194
169 168 0.06486374296305461
170 168 0.27361363614868056
171 168 0.2133744922171149
172 168 0.029207046210832054
173 173 -0.38889502192119196
173 174 0.5173583878498622
173 175 -0.2411817228098514
173 176 0.7231406066794889
174 173 0.6592445396165401
174 174 0.3216281738813973
174 175 -0.6723038339836485
174 176 -0.09979734246151248
175 173 0.6435156057810983
175 174 -0.025094230543015135
175 175 0.53832276961103
175 176 0.5435683401633603
176 173 0.006705522118207992
176 174 0.7926322576583436
176 175 0.44726672926976
176 176 -0.41429652784073606
173 177 0.29032441597985287
174 178 0.17521769952839827
175 179 0.12494955674293456
176 180 0.2104054163596979
173 172 0.21046893031727487
174 172 0.18023516193265005
175 172 0.13550746999758675
176 172 0.02340245716164091
177 177 -0.153085667257543
177 178 0.6358787272506685
177 179 -0.16302212922479833
177 180 0.7386790968298731
178 177 0.5923880195798303
178 178 -0.19109601411938698
178 179 0.6530391787177915
178 180 0.43139144486830405
179 177 -0.008666594872360017
179 178 0.6958155914923703
179 179 0.5309378219965496
179 180 -0.48360167694395173
180 177 0.7909273688980036
180 178 0.27382698963739377
180 179 -0.5148481772485611
180 180 -0.1854293160695966
177 181 0.026273723253257608
178 182 0.1460154299694621
179 183 0.21283898779336735
180 184 0.0494052483252756
177 176 0.11769786892336326
178 176 0.17151933828047858
179 176 0.04152842455516037
180 176 0.07501484445242894
181 181 0.7557973011055447
181 182 -0.20690358793637686
181 183 -0.5641496740795736
181 184 0.2601854918640551
182 181 0.3532434937769725
182 182 0.9275022575179473
182 183 0.10185065093025245
182 184 -0.06771293309577482
183 181 0.5385016471785707
183 182 -0.3079277984995014
183 183 0.6030878682739366
183 184 -0.5014792817634798
184 181 0.11834462274129595
184 182 -0.045944950858776326
184 183 0.5546590063108986
184 184 0.8223363049732215
181 185 0.02890609057464557
182 186 0.054684755797434766
183 187 0.2549448075924012
184 188 0.1942741844156664
181 180 0.047575339074763724
182 180 0.18850801186035238
183 180 0.1607636968201376
184 180 0.1971669821847168
185 185 0.4265585934210587
185 186 -0.34959803536185163
185 187 0.2954734821299805
185 188 0.7800797404161739
186 185 0.853397974372298
186 186 0.4596849289998047
186 187 -0.05687764504940753
186 188 -0.23909537193625494
187 185 -0.07529769446305519
187 186 0.11909811791031062
187 187 0.9534533826329045
187 188 -0.26659434102141294
188 185 -0.2899826217628475
188 186 0.8076426301476409
188 187 0.019672366341876465
188 188 0.5130657453448405
185 189 0.011937076139818514
186 190 0.26100227420014316
187 191 0.08998158254609345
188 192 0.01075288771129883
185 184 0.23420703365972062
186 184 0.24747399147103522
187 184 0.09189974964728025
188 184 0.2501889706603252
189 189 0.7815651198657713
189 190 0.12159763472234204
189 191 0.2319276070724473
189 192 0.5661974600055916
190 189 0.1082287715144465
190 190 -0.05313387253198225
190 191 0.862592081835188
190 192 -0.4913229334780391
191 189 -0.5614066365898869
191 190 0.5310202360617668
191 191 0.3888664308393694
191 192 0.5016203706509403
192 189 0.2495297273242356
192 190 0.8369040062710855
192 191 -0.22567096490052735
192 192 -0.43173975386772595
189 193 0.13072125044185984
190 194 0.01015310949461774
191 195 0.029460737947008517
192 196 0.033240660472437476
189 188 0.03000460499339903
190 188 0.2809426629514347
191 188 0.24037810202122722
192 188 0.2971729980875271
193 193 -0.2938508881617428
193 194 0.8310334468293965
193 195 -0.005841512185586945
193 196 0.4722297560645586
194 193 0.3577457829215381
194 194 0.480155684436706
194 195 0.511825272725352
194 196 -0.6160384433658286
195 193 0.8703915456065274
195 194 0.029445805018547218
195 195 -0.04717545334197588
195 196 0.48920954457723725
196 193 -0.16759524953019872
196 194 -0.2792254886660249
196 195 0.8577734220276259
196 196 0.39770556354814307
193 197 0.041645465634387153
194 198 0.07753514972938817
195 199 0.27186574727654506
196 200 0.14744209857535018
193 192 0.09227630375839624
194 192 0.27632479576318125
195 192 0.2628464899808652
196 192 0.20154118837444257
197 197 0.8153757546794387
197 198 -0.3670976099112897
197 199 0.4288158568088718
197 200 -0.1285250342448072
198 197 -0.2969540476096904
198 198 0.3526765667250915
198 199 0.8851962907885313
198 200 0.0621696040316433
199 197 0.4136440959220417
199 198 0.83332954163532
199 199 -0.17044592182003013
199 200 -0.32466694423920994
200 197 0.27546185615797203
200 198 0.215454076587773
200 199 -0.05909886173541147
200 200 0.9349907118390506
197 201 0.13294630770842553
198 202 0.011625539849590982
199 203 0.21125343985771258
200 204 0.09034566018407394
197 196 0.21408204381278914
198 196 0.12156508571966512
199 196 0.10116475611802812
200 196 0.14332803467429028
201 201 -0.2868026736523498
201 202 0.4493932132143427
201 203 0.8194933384562295
201 204 -0.21028702891195256
202 201 0.010398146230529615
202 202 0.5937330826826431
202 203 -0.1177092500253759
202 204 0.7959380865001991
203 201 0.8843683003552176
203 202 0.3700138881299823
203 203 0.0341021127107722
203 204 -0.2825234111121052
204 201 0.36814238314496883
204 202 -0.5555326174366252
204 203 0.5598323379307321
204 204 0.49238445355572213
201 205 0.11728971942617789
202 206 0.05590154500373085
203 207 0.025012584182146847
204 208 0.04425421689681279
201 200 0.03474082877426292
202 200 0.2671084536636408
203 200 0.25230488247208493
204 200 0.143623378945021
205 205 0.2469756983209769
205 206 0.8543848853538931
205 207 0.42968871156504373
205 208 -0.1561956570179025
206 205 0.8729460049619292
206 206 -0.21804608354387536
206 207 0.08723201290821962
206 208 0.4275649117925433
207 205 -0.150120346929113
207 206 -0.4206936051061191
207 207 0.8901917082816516
207 208 -0.08966322862408195
208 205 -0.3929785723137534
208 206 0.2133055642800001
208 207 0.12376150283568955
208 208 0.8858621045994043
205 209 0.09504527819676471
206 210 0.16129155410378354
207 211 0.18941476917329553
208 212 0.06509022539746298
205 204 0.19435257974403955
206 204 0.09394050666165395
207 204 0.02797291308934613
208 204 0.15253534109990866
209 209 0.287137651024161
209 210 0.6765539163014863
209 211 0.5359331061222143
209 212 -0.4154545383837373
210 209 -0.3418091449531643
210 210 0.17271814147896647
210 211 0.5439050580853276
210 212 0.7466607260460628
211 209 0.4303024796766418
211 210 0.5408340452523517
211 211 -0.548071475072636
211 212 0.471122032696218
212 209 0.7845752059393966
212 210 -0.46897950641488695
212 211 0.34140980033252893
212 212 0.21895048989418892
209 213 0.020376478969498322
210 214 0.08831146602565261
211 215 0.1949956245589804
212 216 0.27739761035912386
209 208 0.0692936715288054
210 208 0.2792854498954794
211 208 0.15813889920624807
212 208 0.26019142718455857
213 213 -0.1796118378337007
213 214 0.5075201015372716
213 215 0.8065984919105226
213 216 0.2440528776582417
214 213 0.5453112795026668
214 214 0.5552813306042558
214 215 -0.038320382860818125
214 216 -0.6267613585623573
215 213 0.7226767747683754
215 214 -0.5130154930498484
215 215 0.4391181017291435
215 216 0.14740649861859176
216 213 0.3848551355608281
216 214 0.41340185571521765
216 215 -0.39383462752640774
216 216 0.7251756452645156
213 217 0.04695531169002138
214 218 0.24971586053158368
215 219 0.018369472993528646
216 220 0.014409250226023173
213 212 0.20552649986514018
214 212 0.18227232326291928
215 212 0.2971720570492005
216 212 0.13593110252614618
217 217 -0.3771495138276823
217 218 0.6758344903953197
217 219 0.179048073368635
217 220 0.6074107121500415
218 217 0.22452328505487282
218 218 -0.24895480914312484
218 219 0.9313894943380753
218 220 0.14186052061565102
219 217 0.8203598103168817
219 218 0.07047518695973441
219 219 -0.25605627879914744
219 220 0.5064367795958092
220 217 0.3665478417677038
220 218 0.690146718183604
220 219 0.18679020142175082
220 220 -0.5953567062935137
217 221 0.18080214260819075
218 222 0.26700291474101123
219 223 0.17452733795065553
220 224 0.2078970692905325
217 216 0.2504173917774969
218 216 0.21804434170801426
219 216 0.12198359485237
220 216 0.14382375871955294
221 221 0.06493319470490971
221 222 0.9563508016290019
221 223 -0.09014396911842058
221 224 0.2702792801539871
222 221 0.34865008235912504
222 222 -0.28866787283127837
222 223 -0.34086055453574704
222 224 0.8239709106683462
223 221 -0.4322977019678143
223 222 -0.035989557169689566
223 223 0.7596257481026617
223 224 0.4845535795632399
224 221 0.8290630236415906
224 222 0.02772643491977468
224 223 0.546495077757003
224 224 -0.11501685800033924
221 225 0.17634440952342537
222 226 0.09014230709914219
223 227 0.2569392380665248
224 228 0.26800180567053594
221 220 0.19891239980509617
222 220 0.10928628911358633
223 220 0.11595024125579416
224 220 0.05928925002801541
225 225 0.23689086526395753
225 226 0.5176888393305563
225 227 -0.6539816589667676
225 228 0.49818568157078646
226 225 0.9061576849425982
226 226 0.11268121182592289
226 227 0.1208557072641243
226 228 -0.3893264601110501
227 225 0.29978191945376054
227 226 -0.2616186449282879
227 227 0.49157861441031
227 228 0.774620520802893
228 225 -0.18136087985721797
228 226 0.8067570233719129
228 227 0.562185337421034
228 228 -0.014106129387767462
225 229 0.018213719577093456
226 230 0.26791550425647087
227 231 0.1415470140282143
228 232 0.230660453658744
225 224 0.16362736305612963
226 224 0.25125427387045485
227 224 0.13182439709211383
228 224 0.06780902911700426
229 229 0.32325485194379133
229 230 -0.21393537582047323
229 231 0.43383444583315317
229 232 0.8133422583857247
230 229 -0.2781220603088008
230 230 0.9082523333147985
230 231 0.1906590406161157
230 232 0.2477396795613368
231 229 0.4683722256544856
231 230 0.1391861701517233
231 231 0.6988816280259394
231 232 -0.5223209150338242
232 229 0.773809975704532
232 230 0.3315668319347887
232 231 -0.5357249983413086
232 232 0.0654238764755149
229 233 0.10185975007698415
230 234 0.019506187562057842
231 235 0.13010202118123318
232 236 0.2935882903746024
229 228 0.2732632677745868
230 228 0.0918386828035427
231 228 0.005560743184962691
232 228 0.15350491914447303
233 233 0.17110577551316555
233 234 0.6522404358739105
233 235 -0.22405307500518415
233 236 0.7036372978870377
234 233 0.5283177843455249
234 234 -0.692701892519432
234 235 -0.11141838632784119
234 236 0.47815306130185214
235 233 -0.0695070825454075
235 234 0.008866101581571868
235 235 0.947974511355009
235 236 0.31053902096194574
236 233 0.8287170191363878
236 234 0.30768148165554915
236 235 0.19680063157940744
236 236 -0.42406334367626314
233 237 0.1873292911092332
234 238 0.11992984433027673
235 239 0.2832955785623536
236 240 0.14179801965800323
233 232 0.027760369844669095
234 232 0.23523702536224156
235 232 0.16164043669110953
236 232 0.17260738756755073
237 237 0.7461611894259766
237 238 0.26707565131928984
237 239 -0.5390942406781182
237 240 0.285116599892872
238 237 0.0036751871370328043
238 238 -0.40567983290806614
238 239 0.26650301426013145
238 240 0.874292004745243
239 237 0.5674706482323572
239 238 0.17666819326872257
239 239 0.7880156184654191
239 240 -0.16061381614443057
240 237 -0.3481480084513886
240 238 0.856085754542865
240 239 0.13185191736379973
240 240 0.35850413800623765
237 241 0.10004317177261925
238 242 0.23010427409339737
239 243 0.009769139656149294
240 244 0.031029842615753676
237 236 0.14722171123145777
238 236 0.23024255764392232
239 236 0.1499637659142042
240 236 0.20163074048777022
241 241 0.43047388464268654
241 242 0.6956660994804951
241 243 0.15300130168007636
241 244 -0.554374886118078
242 241 -0.3653156210156225
242 242 0.2565608923893047
242 243 0.8520305803673769
242 244 0.27343170199741984
243 241 0.8174874445221342
243 242 -0.33278464931237206
243 243 0.3500140144272676
243 244 0.313781524209475
244 241 0.113802503185459
244 242 0.5826487481425153
244 243 -0.35794508169207
244 244 0.7207251522245782
241 245 0.033110515844422324
242 246 0.23554420861309372
243 247 0.27751129681625336
244 248 0.2537305723976695
241 240 0.1358583578367324
242 240 0.04117404868888708
243 240 0.06866476947347992
244 240 0.2931013202052183
245 245 -0.4228896594496369
245 246 0.7336335205264212
245 247 0.01789544637273781
245 248 0.5316257579253467
246 245 0.7217313762310293
246 246 0.5471579504264406
246 247 -0.3892915397033155
246 248 -0.16785140739422716
247 245 0.2749584062121175
247 246 0.24443239768960115
247 247 0.9177715302051813
247 248 -0.1494861069057747
248 245 0.473989484427162
248 246 -0.32039481550870597
248 247 0.07633654733731533
248 248 0.8166112063817353
245 249 0.11900575944437983
246 250 0.07215123012503082
247 251 0.0434641592367337
248 252 0.21478919980130468
245 244 0.15741367167775622
246 244 0.2052549786211976
247 244 0.1463885055818904
248 244 0.17634830029343246
249 249 0.16605805482300795
249 250 -0.082111234675152
249 251 -0.3868425848923958
249 252 0.9033467120005975
250 249 0.4644276175264029
250 250 -0.18577800332384675
250 251 0.8282915552320629
250 252 0.2524413220750613
251 249 0.8415427937798429
251 250 0.3573829788278487
251 251 -0.3135326494080459
251 252 -0.25647691989050897
252 249 -0.2203121348096051
252 250 0.9116039079914376
252 251 0.2568719365757798
252 252 0.23336170720617894
249 253 0.12088964188115296
250 254 0.08822782435446375
251 255 0.2894181384880031
252 256 0.2432491825489591
249 248 0.15147106673486269
250 248 0.2932555038650975
251 248 0.2728204073046171
252 248 0.16900074165967172
253 253 0.47116878053433864
253 254 -0.3887260578074583
253 255 0.008477650464837738
253 256 0.7917197494529564
254 253 0.02936938405068812
254 254 0.895091679785499
254 255 -0.13648018254679145
254 256 0.42346367474820235
255 253 -0.4315362931814665
255 254 0.02332646238543694
255 255 0.863794565544084
255 256 0.2590197914374261
256 253 0.7687092084770848
256 254 0.2171607996688783
256 255 0.4849332301988579
256 256 -0.35604368009923837
253 257 0.23717487385498678
254 258 0.14575221700398214
255 259 0.12894247554369315
256 260 0.2758156660467868
253 252 0.07459676240814883
254 252 0.06566687215703645
255 252 0.2138710884021721
256 252 0.28099437092331403
257 257 -0.09182271778257645
257 258 0.5367829835120985
257 259 -0.0476301986706777
257 260 0.8373553494696638
258 257 0.13107958511468992
258 258 0.042585925949614134
258 259 0.9895072287515103
258 260 0.04335926112932285
259 257 0.19128055256204082
259 258 0.8341108539125509
259 259 -0.038629563543416026
259 260 -0.5159249852616954
260 257 0.9683999592506923
260 258 -0.11962253511834303
260 259 -0.13082264805278548
260 260 0.17543489610557952
257 261 0.23472666277259976
258 262 0.0925001796651072
259 263 0.19666795476323598
260 264 0.11929659872818045
257 256 0.07765315094975822
258 256 0.27609784300107487
259 256 0.1310609349942801
260 256 0.0708271559334352
261 261 0.3798104660647617
261 262 -0.5046319779213861
261 263 0.756578526629905
261 264 0.16935025765950443
262 261 0.7932525927957251
262 262 0.5983184870270671
262 263 0.025490413831562274
262 264 -0.11007066324500944
263 261 -0.47137886362928544
263 262 0.6142299175006688
263 263 0.6268787066218041
263 264 0.08687152902337679
264 261 0.06554617314604373
264 262 0.10041495599716675
264 263 -0.18428852115471614
264 264 0.975529741611502
261 265 0.10796622282447628
262 266 0.2082057736718965
263 267 0.0351142391637333
264 268 0.2577248690462214
261 260 0.0932489978639266
262 260 0.2918410354863771
263 260 0.21470477545163805
264 260 0.2609571425851659
265 265 0.4776852098209649
265 266 -0.38824936591802617
265 267 0.6721912449724056
265 268 0.41138570753612624
266 265 -0.4724709774751144
266 266 0.5362377712230214
266 267 0.24439915672064916
266 268 0.6553543166499416
267 265 0.1950513678294285
267 266 0.5988397273144889
267 267 0.5456201869878108
267 268 -0.5528512968684841
268 265 0.7145229035306567
268 266 0.4506689068128911
268 267 -0.43672255944486016
268 268 0.3092377125030589
265 269 0.05761737088978005
266 270 0.14995707580900486
267 271 0.21933899738417478
268 272 0.0592837640058061
265 264 0.1381554971336717
266 264 0.14138296535469028
267 264 0.04907152899325773
268 264 0.08791425015154408
269 269 -0.44136142185314686
269 270 0.60596188817515
269 271 0.6508891493136921
269 272 -0.11980651353191915
270 269 0.2639615649655373
270 270 -0.23222104398505242
270 271 0.5364056815509113
270 272 0.7672461298379678
271 269 0.37056583457684994
271 270 0.7583369752616815
271 271 -0.3862321127724446
271 272 0.372062829719202
272 269 0.7734373599491273
272 270 0.06171392679665501
272 271 0.37341266069716406
272 272 -0.5084771639959126
269 273 0.10744384028871752
270 274 0.1323944648857047
271 275 0.016441562512983787
272 276 0.15062851028505045
269 268 0.17595601555011917
270 268 0.0310588913466727
271 268 0.17168907221846866
272 268 0.10042449105416396
273 273 -0.15500428408921102
273 274 0.20918983592811996
273 275 0.3280574220350185
273 276 0.908070268374698
274 273 0.5368501885070431
274 274 0.649636743161892
274 275 -0.5222043150972034
274 276 0.13063931386770014
275 273 0.7213832903968762
275 274 -0.024228959288808905
275 275 0.6820343416959918
275 276 -0.11767864128750558
276 273 -0.40911085948691217
276 274 0.7304961820640531
276 275 0.393077775877643
276 276 -0.3801229995025398
273 277 0.18748062385475153
274 278 0.22707656941012705
275 279 0.05617718681616359
276 280 0.084102405359376
273 272 0.0019659910756731455
274 272 0.14547745846491403
275 272 0.24654050093755758
276 272 0.13565597649383002
277 277 0.5109005282509965
277 278 0.21987391263382355
277 279 -0.3426212956096936
277 280 0.7571306099813173
278 277 0.5885208462115877
278 278 0.5967976948576924
278 279 0.0634942788071032
278 280 -0.5417049026413805
279 277 0.4815211221720101
279 278 -0.4280776746588156
279 279 0.7519197197355254
279 280 0.13965546331511058
280 277 -0.40095046166510073
280 278 0.6420572236291252
280 279 0.5596390438723426
280 280 0.33735054387069413
277 281 0.2529286532225108
278 282 0.03566062070412823
279 283 0.05057793803605104
280 284 0.2228667480329581
277 276 0.12737314895844815
278 276 0.11796447012803046
279 276 0.2530644983468442
280 276 0.03696229398126953
281 281 0.9242562453028756
281 282 -0.20820128911000746
281 283 0.27922325254059666
281 284 -0.15632335549178678
282 281 0.28637598882440485
282 282 0.9322306058625721
282 283 -0.20051691629554774
282 284 0.09342299929498472
283 281 -0.23574176245350012
283 282 0.2831346484279648
283 283 0.9211337963490074
283 284 -0.1255910885316168
284 281 0.09036043093518362
284 282 -0.08621537893905949
284 283 0.18259208839279156
284 284 0.9752240923049229
281 285 0.285703061504544
282 286 0.1614048974394835
283 287 0.23216991021259756
284 288 0.21632378340973865
281 280 0.07292713236303801
282 280 0.0760824325731394
283 280 0.1249286144290749
284 280 0.022382619947429204
285 285 -0.24800707507521777
285 286 0.09865301537224302
285 287 0.2855712012081633
285 288 0.9204396570721662
286 285 0.438695431685909
286 286 0.7866850895250614
286 287 -0.4041132824963307
286 288 0.1592650088591407
287 285 0.8636729537695222
287 286 -0.3653972159656969
287 287 0.29708768457616574
287 288 0.1797020065684282
288 285 -0.01038450083431773
288 286 0.4877284357523448
288 287 0.8166274864488341
288 288 -0.3084358660682187
285 289 0.2039734801313223
286 290 0.28449710387183436
287 291 0.06488789534791257
288 292 0.18076830618420964
285 284 0.07910698767701356
286 284 0.16359210118233694
287 284 0.25113437242337
288 284 0.10934188199677637
289 289 -0.10550781747882242
289 290 0.8298982889629829
289 291 -0.3225762198892455
289 292 0.44281092216558327
290 289 0.654252932006166
290 290 0.47241611917326093
290 291 0.32024995094681735
290 292 -0.49620165278359496
291 289 -0.26562364720337295
291 290 0.12770733938780318
291 291 0.8906656292383615
291 292 0.3461930825511964
292 289 0.7001894596882821
292 290 -0.2679228914969331
292 291 -0.00996434513452138
292 292 0.6617044329452496
289 293 0.03655462673559495
290 294 0.21828791744426687
291 295 0.1570060063317202
292 296 0.17313107582566967
289 288 0.004373868764450916
290 288 0.0035995927055061383
291 288 0.03004267618902627
292 288 0.006508337556760946
293 293 0.046676878133186564
293 294 0.4126959996912153
293 295 0.8402633948820597
293 296 -0.34851213480721904
294 293 0.9639628789082421
294 294 0.14069576904689496
294 295 -0.0298226580143264
294 296 0.22380991427592697
295 293 -0.18052540222223942
295 294 -0.08384932764112775
295 295 0.41870865845012645
295 296 0.8860377693673818
296 293 -0.18975620223637685
296 294 0.8960223226378363
296 295 -0.34314879517365743
296 296 0.2082918275362534
293 297 0.06871722724250881
294 298 0.06629356165529598
295 299 0.13392037285251404
296 300 0.11654688865437868
293 292 0.2631280184491886
294 292 0.22149571409860827
295 292 0.15644451796915168
296 292 0.23809622307191766
297 297 -0.4264130923581659
297 298 0.08884624299629292
297 299 0.7589361619684792
297 300 0.4840393804511611
298 297 -0.25120482636247193
298 298 0.8159597867764727
298 299 0.0903778566874481
298 300 -0.5127744188202804
299 297 0.5253058337952765
299 298 0.5658150476932677
299 299 -0.16288917431897526
299 300 0.6143079274062777
300 297 0.6921862400094321
300 298 -0.07854491245779102
300 299 0.6239510092682116
300 300 -0.35411021434262907
297 301 0.0008713020967636486
298 302 0.17367996521237175
299 303 0.044791740833808234
300 304 0.04756657139785203
297 296 0.1782035292353409
298 296 0.2580063029931247
299 296 0.1920718793337857
300 296 0.10359139905931551
301 301 0.6940248913329778
301 302 0.6688617781384372
301 303 -0.2629979280614147
301 304 -0.04225472507471198
302 301 -0.32445947297202593
302 302 0.6168284468288505
302 303 0.6725215790265618
302 304 0.24892457356605555
303 301 -0.06858219652302225
303 302 -0.013472581685945319
303 303 -0.364439393986287
303 304 0.928600506123974
304 301 0.6390242428335888
304 302 -0.41468672328748485
304 303 0.5879887275194404
304 304 0.2719415284764665
301 305 0.24175679305511769
302 306 0.09574492934351661
303 307 0.16884350215977337
304 308 0.21778150527912307
301 300 0.01517692144027325
302 300 0.1287769221611095
303 300 0.292154708456621
304 300 0.2965231875493982
305 305 -0.17526864429488417
305 306 0.8258162329923193
305 307 0.07383330318516496
305 308 0.5309021519961823
306 305 0.48171682896917634
306 306 0.06518057833421084
306 307 0.8715843537079442
306 308 -0.06356967254442014
307 305 0.8249019465105251
307 306 0.27788006234087315
307 307 -0.4834564496295925
307 308 -0.09267853531497541
308 305 0.23825737692265034
308 306 -0.4863761018880619
308 307 -0.03404730567640784
308 308 0.8399479095933805
305 309 0.18740312812365303
306 310 0.2932212652991727
307 311 0.19068726248671267
308 312 0.2924254850774249
305 304 0.22634234872211256
306 304 0.11410834465542168
307 304 0.15832441530425562
308 304 0.2663589599626961
309 309 0.7328401898669241
309 310 0.296569800891685
309 311 -0.6050404251690745
309 312 0.0944335386719318
310 309 -0.13833010496614773
310 310 0.9443698864496911
310 311 0.27872633126046775
310 312 -0.10649850651127762
311 309 0.6575359709882127
311 310 -0.1192650899151221
311 311 0.74317433252876
311 312 0.03337958439763209
312 309 -0.10703497107232923
312 310 0.07738028879244323
312 311 0.06268674216880425
312 312 0.9892553655301578
309 313 0.012932443242824965
310 314 0.08966163765600611
311 315 0.21632121476677327
312 316 0.25155867325468134
309 308 0.2493916099502959
310 308 0.2239749265001245
311 308 0.11815765176697114
312 308 0.2945237380697634
313 313 0.23116706543298057
313 314 0.8580360880861135
313 315 0.012663987816154895
313 316 -0.45844899695993996
314 313 0.7726611259192768
314 314 0.1030260590636769
314 315 -0.24710694460721358
314 316 0.5756027914924061
315 313 0.35352524063186475
315 314 -0.13740983472907406
315 315 0.923735305816728
315 316 -0.05339968486409851
316 313 -0.47389500586990896
316 314 0.4840229746772514
316 315 0.29238821133410015
316 316 0.6750217902179075
313 317 0.1217288460510723
314 318 0.11781003310728759
315 319 0.21753609827554382
316 320 0.06502210700391291
313 312 0.041338557007339814
314 312 0.039004231066881355
315 312 0.04231496232598546
316 312 0.2331164013526739
317 317 0.09435696478655735
317 318 0.8416706583504286
317 319 -0.4856806836198077
317 320 0.21633663496232022
318 317 -0.16509493437652362
318 318 0.5351738418315849
318 319 0.8007674730363695
318 320 -0.21237720167047236
319 317 0.9708430284896421
319 318 0.01961572283001672
319 319 0.13472123105088535
319 320 -0.19730490960705957
320 317 0.14595972003446592
320 318 -0.0692436662015606
320 319 0.3236292903766246
320 320 0.932290275197993
317 321 0.040581056302719555
318 322 0.18112546584747619
319 323 0.10577259511199984
320 324 0.1967944205604555
317 316 0.14318854436426007
318 316 0.17963735493849212
319 316 0.07236555779217684
320 316 0.2919840705753768
321 321 -0.04325907274760678
321 322 0.2276959941919567
321 323 0.9541789544988729
321 324 0.18927680693997223
322 321 0.3239546420487405
322 322 0.8855268015735929
322 323 -0.13636063732165365
322 324 -0.30381153727129634
323 321 0.7785768825642105
323 322 -0.3998693886743899
323 323 0.21650985443053364
323 324 -0.43248814188626555
324 321 0.5357238845307214
324 322 0.06404131420379995
324 323 -0.1551508373008002
324 324 0.8275426558813905
321 325 0.13715771410540067
322 326 0.004189474776977997
323 327 0.12380308824770231
324 328 0.1630223576595608
321 320 0.07546707228419802
322 320 0.2308100457043064
323 320 0.26525835026675043
324 320 0.0899398472735029
325 325 0.46808103446791544
325 326 -0.472586640764411
325 327 -0.07951475929106522
325 328 0.742454992034763
326 325 -0.37743672926432265
326 326 -0.15301719565287655
326 327 0.8825347671966963
326 328 0.23507368616213253
327 325 -0.055247269710108564
327 326 0.8272821416064429
327 327 -0.028904590886019897
327 328 0.5583157905651135
328 325 0.7971131662212558
328 326 0.26239638523538394
328 327 0.46257357508797303
328 328 -0.2859797630645562
325 329 0.17178242483636783
326 330 0.19325454365247877
327 331 0.13209045201668
328 332 0.0714590185862781
325 324 0.17066074686009722
326 324 0.15724200339804012
327 324 0.05369487079065236
328 324 0.08306470992543137
329 329 0.7347199960135805
329 330 0.1600571034195538
329 331 -0.46597516603393324
329 332 0.4662996844759761
330 329 0.21454162689494963
330 330 0.86199570403678
330 331 0.3872277893426751
330 332 -0.2469614053089865
331 329 -0.08271128520563638
331 330 -0.04049550170668278
331 331 0.628529054204844
331 332 0.7723148228938247
332 329 0.6382141185266154
332 330 -0.4792757496562943
332 331 0.4877222691458709
332 332 -0.3537011208405981
329 333 0.04967684712526903
330 334 0.23734360828749843
331 335 0.09041756718947792
332 336 0.03221934943549711
329 328 0.08943788694284656
330 328 0.030333342760196502
331 328 0.13181225887009537
332 328 0.21448167903954848
333 333 -0.3485891790670636
333 334 -0.022101845307031905
333 335 0.24147449224502332
333 336 0.9053657615938342
334 333 -0.19830916034559234
334 334 0.6637165707862285
334 335 0.6796123824839473
334 336 -0.24141416727542797
335 333 0.7168609260145732
335 334 -0.35194205620867186
335 335 0.5918115166238603
335 336 0.10957340286998171
336 333 0.5703240078358138
336 334 0.6596427905839686
336 335 -0.3599669539844848
336 336 0.3317012314656388
333 337 0.2450478350419634
334 338 0.2110124775377138
335 339 0.060836653645305744
336 340 0.03412066774247961
333 332 0.2937725515552733
334 332 0.05697905923452533
335 332 0.09298156477321329
336 332 0.16915221065006794
337 337 -0.2568297690535429
337 338 0.6348922377721018
337 339 0.4013313062908406
337 340 0.6081804820409188
338 337 0.3817759868317378
338 338 -0.3515106469323643
338 339 0.8540683853750382
338 340 -0.035419684847814575
339 337 0.30642820558390965
339 338 -0.4485632099452833
339 339 -0.2888996376698352
339 340 0.7883081890101402
340 337 0.8332990582193059
340 338 0.5216734210150131
340 339 -0.1613610084499985
340 340 -0.08620989693364994
337 341 0.03202856309353832
338 342 0.15171020300677845
339 343 0.07243503033452293
340 344 0.06351175450596437
337 336 0.2731878187626516
338 336 0.21849643156480364
339 336 0.25380920901494164
340 336 0.11666010402507077
341 341 0.14545800447164176
341 342 0.3493977538797126
341 343 -0.6755506169895802
341 344 0.6327673683147201
342 341 -0.0027097751369744125
342 342 0.9351491492211126
342 343 0.28082850591520125
342 344 -0.21592608942684585
343 341 0.8805794316165543
343 342 -0.05810772554295797
343 343 0.396497939963938
343 344 0.25296786446195696
344 341 -0.451014956146357
344 342 -0.006385180268655459
344 343 0.5545774046558211
344 344 0.6992772276075125
341 345 0.25866460044259726
342 346 0.17626287307109867
343 347 0.2609699755772026
344 348 0.20704290897742478
341 340 0.13476893344026766
342 340 0.18115178469792595
343 340 0.18042976176884856
344 340 0.16835961215123865
345 345 0.07481250137852495
345 346 0.8094645776765665
345 347 -0.4833607520869484
345 348 0.324857769595134
346 345 0.9211617431352481
346 346 -0.013122965378336937
346 347 0.2927306429690375
346 348 0.25612028703451817
347 345 -0.19260823511080438
347 346 0.5589201187589539
347 347 0.7867038408675926
347 348 -0.17778480075123196
348 345 -0.3297972110085538
348 346 -0.1794524619866022
348 347 0.2485321322747844
348 348 0.8928955105301376
345 349 0.18817670725039248
346 350 0.03301144918714338
347 351 0.18448545406399777
348 352 0.15041863873449557
345 344 0.18354213419661533
346 344 0.12862125771577515
347 344 0.2807033510275841
348 344 0.02556519052442665
349 349 0.3261936117475823
349 350 0.4142961701315934
349 351 0.6060809301496333
349 352 -0.5955017356635632
350 349 0.9154012069813685
350 350 -0.35793219199627774
350 351 -0.09022941882315405
350 352 0.1605734354388338
351 349 0.22940750942224297
351 350 0.8367441451492993
351 351 -0.3299985502586147
351 352 0.3719306212269502
352 349 -0.054868502192101806
352 350 -0.010122495018638229
352 351 0.7180706893579515
352 352 0.6937301115324238
349 353 0.08743668555549204
350 354 0.005182488218559289
351 355 0.20313338340070256
352 356 0.2708645731119039
349 348 0.2565170383234356
350 348 0.20757548735604286
351 348 0.15066839612605945
352 348 0.07587038270005195
353 353 -0.2960075645791249
353 354 0.09944954973875407
353 355 0.9433861221495237
353 356 0.1118567535036581
354 353 -0.07029674084970627
354 354 -0.4467071096249763
354 355 -0.08029068946194433
354 356 0.888293043776734
355 353 0.43871300801262636
355 354 0.788277549080276
355 355 0.0034019865067281586
355 356 0.43143693479385137
356 353 0.8455582691561585
356 354 -0.41131624193952193
356 355 0.32181431945955585
356 356 -0.11084090566741812
353 357 0.026272565403460433
354 358 0.09753042993953742
355 359 0.2657709450522428
356 360 0.2814635245359889
353 352 0.14007770508063513
354 352 0.05243898111085277
355 352 0.17284505850558243
356 352 0.08002684694629278
357 357 0.21368044211037707
357 358 -0.5074554260136332
357 359 0.43946241980941875
357 360 0.709719973541738
358 357 0.5568480420531585
358 358 0.47127053146597725
358 359 0.6442774619935964
358 360 -0.22963208878645217
359 357 0.5263427699110806
359 358 0.39920684443325655
359 359 -0.5748135531525138
359 360 0.48289394594688684
360 357 -0.6059902765584679
360 358 0.6008552006421666
360 359 0.2477270930974691
360 360 0.4586721050198394
357 361 0.08402983196427746
358 362 0.26029892298040525
359 363 0.15883427410387319
360 364 0.1574070691446479
357 356 0.03840916223695083
358 356 0.08058146320388697
359 356 0.08286677413691002
360 356 0.285734437617077
361 361 0.9825550800814192
361 362 -0.0646241771804804
361 363 0.025879289417688935
361 364 -0.17245142130228028
362 361 -0.01636903863279872
362 362 0.8874274731898992
362 363 -0.12219423335734171
362 364 -0.4441543692639297
363 361 -0.024005677930723817
363 362 0.11973937049936927
363 363 0.9919735471918584
363 364 -0.03278249915889188
364 361 0.1836880415474004
364 362 0.4404074008278589
364 363 -0.01968027908970363
364 364 0.8785856311728987
361 365 0.01852366749311123
362 366 0.19721887657848863
363 367 0.2048783606171584
364 368 0.20324906678443758
361 360 0.026158583338753937
362 360 0.040236005493512646
363 360 0.11652416553421371
364 360 0.03700511653947036
365 365 0.868926545189905
365 366 0.27890660278452356
365 367 0.2283821056684155
365 368 -0.3391450719058037
366 365 -0.31126395413120406
366 366 0.11259842590519016
366 367 0.9409346172578855
366 368 -0.07126283314630183
367 365 -0.13795480785565942
367 366 0.9277893572253506
367 367 -0.13239648632091205
367 368 0.3203850027993746
368 365 0.3592351331822269
368 366 -0.2207704917470625
368 367 0.21202554154179995
368 368 0.8816210516969374
365 369 0.057306006567170664
366 370 0.07067147088248628
367 371 0.2624640305633719
368 372 0.08235212076191187
365 364 0.29579156724623623
366 364 0.21195893469648563
367 364 0.22839134382068182
368 364 0.2202847203676466
369 369 0.85270610963415
369 370 0.46614587008425773
369 371 0.21332945400997017
369 372 -0.1004532849029402
370 369 0.011303311403878103
370 370 -0.3768118796171142
370 371 0.8933502383070835
370 372 0.24456163690857433
371 369 -0.5219756214042087
371 370 0.7433963089996357
371 371 0.3723138984694884
371 372 -0.1904881608705887
372 369 -0.017492181213045372
372 370 0.2967874036217265
372 371 -0.1334101074691726
372 372 0.9454168413313504
369 373 0.25500543165772177
370 374 0.2678235417428664
371 375 0.2632852435079413
372 376 0.20622041999915758
369 368 0.08373026337322047
370 368 0.08757557370332243
371 368 0.16527449590645957
372 368 0.10817101524708714
373 373 0.8436589360538737
373 374 -0.3137942498028783
373 375 0.42926078307418086
373 376 0.07421555444538838
374 373 -0.2550789060808528
374 374 0.2792989156700882
374 375 0.5808823127869951
374 376 0.7207652919427655
375 373 0.23126445115413197
375 374 0.8396688259213924
375 375 0.23399363868577336
375 376 -0.4321110892615018
376 373 0.41193580194178314
376 374 0.34421148625801645
376 375 -0.6508132572868848
376 376 0.5369073029362363
373 377 0.01824269474011031
374 378 0.15273817240576115
375 379 0.2640591150969852
376 380 0.10826399114189464
373 372 0.032587210326971025
374 372 0.24426042425098934
375 372 0.25822441642606203
376 372 0.20985215748579428
377 377 -0.44844300292538986
377 378 0.17989990586897853
377 379 0.6298769314468795
377 380 0.6081035670234597
378 377 0.43307123919630347
378 378 0.24203906440952178
378 379 0.7148985177597208
378 380 -0.492733703318228
379 377 -0.14198281015877595
379 378 0.9427069059318697
379 379 -0.2902959341556356
379 380 -0.08290260394273354
380 377 0.7688881950762766
380 378 0.14267727456206203
380 379 -0.08890124379739932
380 380 0.6168879214631807
377 381 0.12208850918502627
378 382 0.21262781841181125
379 383 0.26610919659154825
380 384 0.1333974563129415
377 376 0.12131454012818522
378 376 0.012427262792379068
379 376 0.07443665529830086
380 376 0.25444278018354605
381 381 0.2653497736509638
381 382 0.35006456790332136
381 383 -0.46537612532529693
381 384 0.7684200400166937
382 381 -0.25894356477524916
382 382 0.4879599664841933
382 383 0.7652263866401355
382 384 0.33056297215494695
383 381 0.6775093700275866
383 382 0.5726355409449424
383 383 0.06171954744003829
383 384 -0.4574497658052882
384 381 0.6352312818255192
384 382 -0.5580666686464072
384 383 0.44050463860292327
384 384 0.30165953541288465
381 385 0.1491169795802298
382 386 0.04158200249206918
383 387 0.1604846644791018
384 388 0.1926605977200129
381 380 0.20236672023057026
382 380 0.11825591569244799
383 380 0.26399281236567324
384 380 0.11579025910743761
385 385 -0.474335143879787
385 386 0.8408722642772091
385 387 0.00034819230213277777
385 388 0.26065280587782325
386 385 0.09664378618924005
386 386 -0.2366435680901666
386 387 -0.22764632200204812
386 388 0.9395940359280184
387 385 0.3766318818245908
387 386 0.14590118393924578
387 387 0.8895327839282462
387 388 0.2135244633180427
388 385 0.789819330900946
388 386 0.4643775418514565
388 387 -0.3961167216338193
388 388 -0.060253348465097646
385 389 0.1279848109062618
386 390 0.16237643157530016
387 391 0.18192514882514757
388 392 0.11172610038991464
385 384 0.02840032550250202
386 384 0.06326930204285908
387 384 0.224400464028252
388 384 0.09136750775572224
389 389 0.9026742202131779
389 390 -0.14345472281230598
389 391 -0.1846623790078901
389 392 0.3612475611606564
390 389 -0.32359821321535676
390 390 0.386226310791311
390 391 -0.2905639129144193
390 392 0.8134408680219015
391 389 0.05876356187362925
391 390 0.02979797037297259
391 391 0.9367184024953031
391 392 0.3438278045537087
392 389 0.27750728344006365
392 390 0.9106931757277144
392 391 0.06349057188005172
392 392 -0.2993269025714708
389 393 0.19999365570006103
390 394 0.1052954561312927
391 395 0.12070270349882284
392 396 0.23963778821797999
389 388 0.05677457163796979
390 388 0.0648037584155481
391 388 0.0506285161098829
392 388 0.042960330263386234
393 393 -0.016148340565343578
393 394 -0.19018779135333702
393 395 0.9279190275423596
393 396 0.32020948368523955
394 393 -0.25038529892655603
394 394 0.8515332871169135
394 395 0.011259119455618947
394 396 0.46051220965616885
395 393 0.6439158839651299
395 394 -0.1824251090138987
395 395 -0.26564485058773474
395 396 0.6939209085586724
396 393 0.7227854228993904
396 394 0.4532557165147187
396 395 0.2612897317349967
396 396 -0.4515176231120247
393 397 0.13748492022110964
394 398 0.22638354940887712
395 399 0.11349747837951493
396 400 0.009648157235260335
393 392 0.18065153447222704
394 392 0.14593538885804505
395 392 0.06793623040629646
396 392 0.27268238201133227
397 397 -0.1286465132678468
397 398 0.3219374857311675
397 399 0.8575730622038997
397 400 0.3799668049808377
398 397 0.5445997776439135
398 398 0.52614513744589
398 399 0.1642624046357573
398 400 -0.6321394141765909
399 397 0.7895357851448879
399 398 -0.5035376065035317
399 399 0.17198642638397948
399 400 0.30578389747010365
400 397 0.2519809532283558
400 398 0.6049606834000314
400 399 -0.45607781632652605
400 400 0.602097331172563
397 396 0.2552431391195605
398 396 0.21872785664358613
399 396 0.10061763725309784
400 396 0.14745618531813923
