500 4
1 1 -0.22636562967232582
1 2 0.4840488168915966
1 3 0.8394042775448932
1 4 -0.09927639904949054
2 1 0.17125212889527114
2 2 0.8698559835340215
2 3 -0.4377139486208615
2 4 0.14976573520546235
3 1 0.9390575179033035
3 2 -0.022884607285079576
3 3 0.23712546301689386
3 4 -0.24782814127479347
4 1 0.1939130942488839
4 2 -0.09232337475046506
4 3 0.21812490185921868
4 4 0.9519956058419679
1 5 0.06992489830198372
2 6 0.015174887002100056
3 7 0.2959918215469923
4 8 0.2576455866213614
5 5 0.11009548071211951
5 6 0.8646093784564933
5 7 -0.4829850763559059
5 8 0.0839941892592826
6 5 0.930561508996482
6 6 -0.2627344293868644
6 7 -0.2536487735145779
6 8 0.026233514509120166
7 5 0.34102380290496953
7 6 0.41224583998844233
7 7 0.8364130785799285
7 8 0.11903484886747429
8 5 -0.0750801501942482
8 6 -0.11608018656109613
8 7 -0.052923318985841766
8 8 0.988983055285718
5 9 0.15477818888492928
6 10 0.2990043014748374
7 11 0.292278697335215
8 12 0.282200950464095
5 4 0.23254969907235523
6 4 0.04943750573561465
7 4 0.15616738530722787
8 4 0.26862072077892224
9 9 0.17074160928479395
9 10 0.8580229045598566
9 11 -0.3389239574330997
9 12 0.3460845983099985
10 9 0.5857437024143969
10 10 0.30685301873609233
10 11 0.5133656297196989
10 12 -0.5469929343208361
11 9 -0.498718748141918
11 10 0.2667523873612129
11 11 0.7573580308435077
11 12 0.3263917695127981
12 9 0.6156551211453297
12 10 -0.31381695935737497
12 11 0.21907782730625228
12 12 0.6888342278153671
9 13 0.2157795906906185
10 14 0.13773090756265738
11 15 0.2439404147574299
12 16 0.0476519348605404
9 8 0.12630511364105582
10 8 0.09580755427598826
11 8 0.260726842419953
12 8 0.25457376670937854
13 13 0.10755035151878826
13 14 0.6354542638773952
13 15 -0.1339106516494818
13 16 0.7527939544012253
14 13 -0.674212262875909
14 14 0.41088022739838037
14 15 0.5964567501132456
14 16 -0.1444112480561901
15 13 0.5623384463564525
15 14 0.595274552146602
15 15 0.08827052009145776
15 16 -0.5671260835112919
16 13 0.4665256887089311
16 14 -0.2702286528474645
16 15 0.786457626259635
16 16 0.30135470637267664
13 17 0.08484219509860487
14 18 0.11488326917764792
15 19 0.0879522753741137
16 20 0.12726344499478354
13 12 0.29835803132193456
14 12 0.04596839672604427
15 12 0.27187918201923844
16 12 0.23367972126085493
17 17 0.6830103356438896
17 18 -0.30345837640276313
17 19 -0.1536199165642558
17 20 0.6463828713923436
18 17 -0.34062950610595155
18 18 -0.20549342489317537
18 19 0.7977957251942924
18 20 0.4530628794741427
19 17 -0.16025449969637992
19 18 0.8248442206112265
19 19 -0.15158010370670258
19 20 0.5205516105167539
20 17 0.6259288428413403
20 18 0.4304851656456123
20 19 0.5629799057308966
20 20 -0.32549843563618097
17 21 0.2744301623753471
18 22 0.13138528543398073
19 23 0.1587269460369178
20 24 0.2329621809150755
17 16 0.022907713717362464
18 16 0.17256212624113054
19 16 0.12522473083660737
20 16 0.03881893984563749
21 21 0.11729358331191311
21 22 0.9884541542040298
21 23 0.05479955941691675
21 24 -0.07872489211398936
22 21 -0.2296869287063197
22 22 0.09902099848207828
22 23 0.09038071467498393
22 24 0.9639865575078889
23 21 0.37155852731803435
23 22 -0.09436383254733172
23 23 0.9235281967195416
23 24 0.011636053806333488
24 21 0.8918690435666906
24 22 -0.06518200674563011
24 23 -0.3686787281177232
24 24 0.25376546368161984
21 25 0.05955572515575864
22 26 0.26643226594888514
23 27 0.2162731028653108
24 28 0.26095371488633695
21 20 0.23599811388568692
22 20 0.14884890061280784
23 20 0.18287390845803012
24 20 0.2231101026520552
25 25 0.8490930159911005
25 26 0.1224664490936683
25 27 0.5081591294394918
25 28 0.07627134592244955
26 25 -0.5200949683745291
26 26 0.20272141841456295
26 27 0.8280456594811016
26 28 -0.05239881870798985
27 25 -0.0908152128198972
27 26 0.1650788615581704
27 27 -0.03534892537997346
27 28 0.9814540335958767
28 25 0.017171813739692975
28 26 0.9574209966514386
28 27 -0.234233085742143
28 28 -0.1678839644741834
25 29 0.20191065747578216
26 30 0.04259471258578644
27 31 0.045747682219316375
28 32 0.07955057272960005
25 24 0.09335486912970227
26 24 0.13826056615010635
27 24 0.08962096287575405
28 24 0.28057622739451593
29 29 0.9665117853894555
29 30 0.2330518867072234
29 31 0.017963762162348795
29 32 0.10592020607261884
30 29 -0.24423087644907737
30 30 0.7075647549969231
30 31 0.07861854418805748
30 32 0.6584242712604172
31 29 0.07772018006316586
31 30 -0.6639414936276677
31 31 0.18590890653359485
31 32 0.7201243955886332
32 29 -0.012877162076825247
32 30 0.0649663653578517
32 31 0.9792519115274726
32 32 -0.19151825980524456
29 33 0.18492620394545237
30 34 0.0684479193966665
31 35 0.0963370650422277
32 36 0.20925936202678955
29 28 0.09305278163275688
30 28 0.053589702323673834
31 28 0.14770898847453007
32 28 0.2707686909893472
33 33 0.8577080857131093
33 34 0.43271092579183384
33 35 -0.26970211482461154
33 36 -0.06602169084368704
34 33 0.31326787008855334
34 34 -0.08401648306677006
34 35 0.7078523608506492
34 36 0.6274946273725657
35 33 -0.31586929031731154
35 34 0.46537214297418955
35 35 -0.4306658246416183
35 36 0.7058203081973506
36 33 -0.25773372442692133
36 34 0.7675488608662487
36 35 0.4906452404569404
36 36 -0.32203931668804464
33 37 0.2553248271502028
34 38 0.26368220602721354
35 39 0.2649538391559733
36 40 0.1695512005568565
33 32 0.10013416879609689
34 32 0.051445179203426124
35 32 0.11914844592166697
36 32 0.12061112863616216
37 37 0.2382929041350411
37 38 -0.16237128874907775
37 39 0.948507958181647
37 40 0.13109046378335593
38 37 0.015845701930564164
38 38 0.9783448701496107
38 39 0.17794447784210285
38 40 -0.10452746810178926
39 37 0.971000006420982
39 38 0.025327358993523893
39 39 -0.23696209883327796
39 40 -0.01914356637083386
40 37 -0.011153165455127163
40 38 0.12583880374637385
40 39 -0.11188109665226116
40 40 0.9856585730281557
37 41 0.18900652107176222
38 42 0.08059774748766413
39 43 0.04066140487375731
40 44 0.04171125290158908
37 36 0.2443204047375682
38 36 0.04073978914458871
39 36 0.08955068798554026
40 36 0.13017487864918895
41 41 0.6838323123273189
41 42 0.5149486724987796
41 43 -0.5094287800378832
41 44 0.08765586904441254
42 41 0.5467509947151098
42 42 0.054552288149866304
42 43 0.7145736021385668
42 44 -0.4329803283780525
43 41 0.4121316764966186
43 42 -0.503754882544409
43 43 0.1712768923734243
43 44 0.7396233674510685
44 41 -0.2521590760278076
44 42 0.691435413369917
44 43 0.4478070023288268
44 44 0.507741822366491
41 45 0.013913190516581863
42 46 0.05490459236931957
43 47 0.25830007830131624
44 48 0.1733035642830907
41 40 0.2563428293587145
42 40 0.20132760401149533
43 40 0.27570749777839315
44 40 0.11877079813745843
45 45 0.15626168494488202
45 46 0.6250149084837594
45 47 -0.6172041608406861
45 48 0.4516610165070364
46 45 -0.33255514193866464
46 46 0.7615118512388898
46 47 0.47494320552897523
46 48 -0.2897166365860532
47 45 0.41650387005597
47 46 0.040593363716357814
47 47 0.62723204104419
47 48 0.656853615151908
48 45 0.8315731414714768
48 46 0.16675803854072016
48 47 -0.0082426967884398
48 48 -0.529726273574348
45 49 0.2834383991167238
46 50 0.15172550941964896
47 51 0.04059933680259093
48 52 0.07464784369856436
45 44 0.27166893566593875
46 44 0.24885045587955687
47 44 0.2970622252091882
48 44 0.1378349886883393
49 49 0.9799488567785037
49 50 -0.19603022948948443
49 51 0.02986841648086299
49 52 0.01950038260468354
50 49 -0.012306011138607796
50 50 0.07162429677911068
50 51 0.9831883154970511
50 52 -0.16750898026919442
51 49 -0.1071166086639679
51 50 -0.42025770123068207
51 51 0.1797070604746818
51 52 0.8829580222865531
52 49 0.16755546048007536
52 50 0.8830773317176132
52 51 0.012409124970986677
52 52 0.438115974928174
49 53 0.051402755313796455
50 54 0.10648348774804436
51 55 0.11707546569546112
52 56 0.24326586272162068
49 48 0.027596816228437435
50 48 0.06687803501067298
51 48 0.18573109432813398
52 48 0.08614025267868587
53 53 0.25245010802546813
53 54 -0.18876094772453897
53 55 0.8604705758488576
53 56 -0.4002856925626975
54 53 0.9280451145124179
54 54 0.15164368402495487
54 55 -0.08587530005203464
54 56 0.3291836742093164
55 53 -0.06621050069436944
55 54 0.9639786079882412
55 55 0.12649895190913343
55 56 -0.2244090642214422
56 53 -0.2657393045549771
56 54 0.11008515363356419
56 55 0.4860183495560623
56 56 0.8252575627396049
53 57 0.02765751647572705
54 58 0.09872125775007867
55 59 0.2310793714867943
56 60 0.15360465481820554
53 52 0.1011935893473264
54 52 0.25590321368408026
55 52 0.053531384640058445
56 52 0.03740553954337189
57 57 -0.08067210818502778
57 58 0.20321987166428038
57 59 0.9342820608736981
57 60 0.2816215997599124
58 57 0.905791871633581
58 58 -0.02840966007885906
58 59 -0.04240166490685206
58 60 0.4206377007709428
59 57 0.07655721230552756
59 58 0.9754772388926717
59 59 -0.1705539982703142
59 60 -0.11616575795106597
60 57 -0.40886683588611605
60 58 0.07961615022899847
60 59 -0.31021035317463563
60 60 0.8545517631591764
57 61 0.23408392021608207
58 62 0.19799527425162594
59 63 0.018672017917408978
60 64 0.03908251639785012
57 56 0.05269466979448762
58 56 0.19048187911964468
59 56 0.027731505247876886
60 56 0.23195314896754127
61 61 0.7424560843025868
61 62 -0.383522908940594
61 63 0.40298912062968684
61 64 0.37318749959494457
62 61 -0.43498270222276786
62 62 0.10939921084967993
62 63 0.081270861801742
62 64 0.8900656764837348
63 61 0.4782887395041427
63 62 0.8344032273352144
63 63 -0.22783819841129566
63 64 0.15198977340864822
64 61 -0.17546764178214538
64 62 0.38041194144741436
64 63 0.8826576748778708
64 64 -0.21310394287955448
61 65 0.29978137238688946
62 66 0.09142113299532115
63 67 0.27347752122056435
64 68 0.1411869900429738
61 60 0.29950554725863704
62 60 0.22158537471131165
63 60 0.15600670425780777
64 60 0.011921574697399894
65 65 0.5235685460263624
65 66 0.2574920304881594
65 67 0.7987240579565429
65 68 0.14701602323678695
66 65 0.569790143594903
66 66 -0.13585938722014995
66 67 -0.4533607716649579
66 68 0.6718224690211094
67 65 0.47158381457734333
67 66 0.5683487591127672
67 67 -0.39128502397643017
67 68 -0.5490759727537012
68 65 -0.4228757213444903
68 66 0.7695581648934847
68 67 -0.058308832680405806
68 68 0.4749278210155699
65 69 0.018532991608374315
66 70 0.2691644964176467
67 71 0.16734412459447998
68 72 0.09146876931472663
65 64 0.08858765069317162
66 64 0.05469798957968035
67 64 0.09421301585373203
68 64 0.15078118361207893
69 69 0.887222737908556
69 70 -0.28062898268834907
69 71 -0.20638828156625114
69 72 0.30246828700787387
70 69 0.3933361386379868
70 70 0.8223277149384166
70 71 0.3923073893583608
70 72 -0.12312076811142729
71 69 -0.005187856845944939
71 70 -0.3800541115090317
71 71 0.8856064717715615
71 72 0.2668953645583839
72 69 -0.2410302502192409
72 70 0.31714882254951654
72 71 -0.13856394423977414
72 72 0.9067089258364129
69 73 0.08045514029859603
70 74 0.15717242473237328
71 75 0.05004054755449263
72 76 0.288860878166176
69 68 0.042879004954750076
70 68 0.11594861498797394
71 68 0.05361224971767324
72 68 0.2953727385826424
73 73 0.4454006718210878
73 74 0.5217719767898756
73 75 -0.6552741780259602
73 76 0.31620878765542104
74 73 0.7903997379366078
74 74 0.09215286364490277
74 75 0.3850530088656422
74 76 -0.4674508362975749
75 73 -0.0896420411434165
75 74 0.5834065158985267
75 75 0.640616192362944
75 76 0.49113341949941475
76 73 0.4109145899949384
76 74 -0.6155474727151201
76 75 0.10936556157365686
76 76 0.6635432785470732
73 77 0.29201051291731045
74 78 0.04205378687124994
75 79 0.1908521757141532
76 80 0.2885373788055263
73 72 0.05613043158058142
74 72 0.14912181665521135
75 72 0.055295130162861424
76 72 0.11420615516011347
77 77 0.5207577014837811
77 78 0.7652443846573935
77 79 -0.17708129257183086
77 80 -0.33444680282033656
78 77 0.8347179621345523
78 78 -0.48718924712787903
78 79 0.2513995546957895
78 80 0.051873163308873906
79 77 -0.09482920090480117
79 78 0.3306741941409737
79 79 0.9318283596362712
79 80 0.11557641698266395
80 77 0.15187087505846983
80 78 0.2601965537099106
80 79 -0.19270803796786742
80 80 0.9338611261044305
77 81 0.1701820624547098
78 82 0.0260603208510761
79 83 0.21341479853612313
80 84 0.02328602477524393
77 76 0.07089880279711969
78 76 0.11418432295258804
79 76 0.007123824290091418
80 76 0.0616699680416882
81 81 0.6129947290324846
81 82 0.14472186059959266
81 83 0.6602276541884264
81 84 -0.4091362730042785
82 81 0.02762941902956938
82 82 0.9745157692641342
82 83 -0.12520396008581353
82 84 0.1840641166508326
83 81 -0.1524407837200684
83 82 -0.05908147032510239
83 83 0.6266590645277231
83 84 0.7619511822736903
84 81 0.7747489172895254
84 82 -0.16088498495617562
84 83 -0.3946160537394758
84 84 0.46707419850109827
81 85 0.038178428078912495
82 86 0.2645234528126242
83 87 0.055296985804096095
84 88 0.028877484871884906
81 80 0.14413825863720134
82 80 0.09405721704018104
83 80 0.279493580586629
84 80 0.11721610573082301
85 85 -0.5864379478897793
85 86 0.47395665041010115
85 87 0.5964801771024003
85 88 0.27507639871634093
86 85 0.27677997797163667
86 86 -0.46118390860573855
86 87 0.2703235168717942
86 88 0.79851577471157
87 85 0.6133101205829257
87 86 0.11649913273386413
87 87 0.6842475970052991
87 88 -0.37694014651571456
88 85 0.4509257955134102
88 86 0.7410144722253602
88 87 -0.32084547767177185
88 88 0.3802915438854008
85 89 0.2576311770996087
86 90 0.21004381290088586
87 91 0.23657451202265994
88 92 0.1892980357282771
85 84 0.2858739714229285
86 84 0.29967468467289665
87 84 0.16082402416754013
88 84 0.017922334044905307
89 89 -0.29191116826230795
89 90 -0.017577855027484338
89 91 0.4621479709271606
89 92 0.8371965968781023
90 89 0.6892487642403734
90 90 -0.09254301428138198
90 91 0.7028451866077173
90 92 -0.1496013875710953
91 89 0.08383236559363248
91 90 0.9948424891023405
91 91 0.053196636392246754
91 92 0.020752692167184898
92 89 0.65779643151649
92 90 -0.03761956136118563
92 91 -0.5381431171229661
92 92 0.5256335308752109
89 93 0.19462751230687478
90 94 0.038508324891307795
91 95 0.16752092119584175
92 96 0.09727374913351099
89 88 0.00556155131781979
90 88 0.1710541633196555
91 88 0.13796789823262084
92 88 0.17220541042717336
93 93 -0.1380633328065771
93 94 -0.423971670442595
93 95 0.6693814229861333
93 96 0.594234843607741
94 93 0.9655299440429734
94 94 0.10604934624656306
94 95 0.23509250630575185
94 96 0.0351706809136491
95 93 -0.07791840397927369
95 94 0.7500312608895049
95 95 -0.11506327664599617
95 96 0.6466392134546975
96 93 -0.2064440980314919
96 94 0.49644200719851744
96 95 0.6952844499968536
96 96 -0.4769755774347824
93 97 0.009901372556992106
94 98 0.1066551012748771
95 99 0.1722336633199811
96 100 0.1902000227380602
93 92 0.10615674075335646
94 92 0.15434005434251266
95 92 0.22664210653464045
96 92 0.29345976604021395
97 97 0.8194758000103508
97 98 0.24117500648648255
97 99 0.24517888042953473
97 100 -0.45845539154312526
98 97 -0.32392100199946633
98 98 0.9273016877390814
98 99 0.18736445520623304
98 100 0.009018054401258545
99 97 0.46174509197866465
99 98 0.1721619299852422
99 99 -0.09541196727684048
99 100 0.864897853158241
100 97 -0.10161726081070946
100 98 -0.22870606906300728
100 99 0.9464028920163728
100 100 0.20417892217886022
97 101 0.18152415192738075
98 102 0.11905738205282909
99 103 0.2479553080972795
100 104 0.10111230561259596
97 96 0.25779560531594925
98 96 0.08267548547121728
99 96 0.01752405634298557
100 96 0.08949053211306121
101 101 0.8130555260557225
101 102 0.17378012178608018
101 103 0.07651016099437903
101 104 0.5503520474086399
102 101 0.07454694860120685
102 102 0.8989044920791006
102 103 -0.2367509437331353
102 104 -0.3610574154005608
103 101 -0.5773575713125738
103 102 0.3587538133522613
103 103 0.06636831936714435
103 104 0.7304445101701004
104 101 -0.0064574648700295315
104 102 0.18184302240460168
104 103 0.9662765815699276
104 104 -0.18221137247643773
101 105 0.052739319597457146
102 106 0.08222694210534272
103 107 0.026324576212967132
104 108 0.242730876460025
101 100 0.2945695757147961
102 100 0.17815756053910672
103 100 0.05203975398791736
104 100 0.17209964114101836
105 105 0.1753792706318971
105 106 0.8855273367249845
105 107 -0.2078246079427191
105 108 0.3766860492224719
106 105 0.9776796381977888
106 106 -0.11661193474597073
106 107 0.012165845677684445
106 108 -0.1743449853801061
107 105 0.004259194192983483
107 106 0.2602494856760822
107 107 0.9619527512971758
107 108 -0.08306003095325412
108 105 0.11561356214082916
108 106 -0.3667604092495426
108 107 0.17694018425500788
108 108 0.9059870184787534
105 109 0.0241411496155838
106 110 0.1396523781765149
107 111 0.05189254231901173
108 112 0.2402514105419365
105 104 0.19696611884750817
106 104 0.14939721673284198
107 104 0.05646687211050343
108 104 0.2648769310832541
109 109 0.8880901996509326
109 110 0.0328881335243653
109 111 0.21343976567753525
109 112 0.405780278457158
110 109 -0.10706895839632269
110 110 0.8487884030870025
110 111 -0.3713221297580361
110 112 0.3608522701673073
111 109 -0.10590238111994736
111 110 0.4621733867986756
111 111 0.8442729576601361
111 112 -0.24976712988696678
112 109 -0.434300266066023
112 110 -0.25470056535732627
112 111 0.3221281039327077
112 112 0.801713406123634
109 113 0.12134220975390575
110 114 0.07429765007665583
111 115 0.2990355228011196
112 116 0.12264509490180506
109 108 0.25848922627406923
110 108 0.20042068825986914
111 108 0.21249451359430596
112 108 0.14655120376879835
113 113 -0.41050621421327554
113 114 0.4076453552995087
113 115 0.8041913192281226
113 116 0.13633134075902512
114 113 0.056828197021300104
114 114 -0.2961571711196396
114 115 0.017524002429291145
114 116 0.9532861036208274
115 113 0.7847600089122522
115 114 -0.2507534746081549
115 115 0.5505472909808339
115 116 -0.1348039457050307
116 113 0.46087626596260634
116 114 0.8265826572515826
116 115 -0.2233090052162139
116 116 0.23342507661479514
113 117 0.10469070161295059
114 118 0.15433112545479136
115 119 0.22040074656811903
116 120 0.2814190381571638
113 112 0.17897463015016354
114 112 0.027447140424001714
115 112 0.22172683086332087
116 112 0.23721683530333326
117 117 0.09521600874156083
117 118 0.6062975133298454
117 119 0.7292928355348016
117 120 -0.3024387492484752
118 117 0.9444349851334034
118 118 -0.3010613036910245
118 119 0.13148012637456066
118 120 0.010845581794383911
119 117 -0.14864172036084478
119 118 -0.20675420173257303
119 119 0.5274252169843588
119 120 0.8105436320908932
120 117 0.2772762332107896
120 118 0.7064121437346853
120 119 -0.4155328830491524
120 120 0.5014301514522859
117 121 0.11718363431663338
118 122 0.19930120497516707
119 123 0.016198649330224257
120 124 0.09901913561036302
117 116 0.060330992790471716
118 116 0.12050883127022309
119 116 0.2649570421239292
120 116 0.05420997112118142
121 121 0.7761514548661292
121 122 -0.09904847101621908
121 123 0.4687295686223798
121 124 0.4099645240720457
122 121 0.06707479720490733
122 122 0.0994947983280765
122 123 -0.7030809486991687
122 124 0.7009129305854286
123 121 0.4147690245066394
123 122 0.8117885270325336
123 123 -0.20228507347585967
123 124 -0.35783626526251916
124 121 -0.4701665098653064
124 122 0.5668241110550567
124 123 0.49502577723207736
124 124 0.4610893188998203
121 125 0.10917851531426807
122 126 0.11887500452084263
123 127 0.1330838946922399
124 128 0.23078560478664775
121 120 0.2984036163749427
122 120 0.2616615120855711
123 120 0.06000832929847559
124 120 0.2633402860467466
125 125 0.13399486801902416
125 126 -0.22351609130214983
125 127 0.3710095781507466
125 128 0.891312417278015
126 125 0.4390221075455148
126 126 -0.23102223171780925
126 127 0.7506362185564824
126 128 -0.43638696695667073
127 125 0.7554911478338215
127 126 0.6178944829013931
127 127 -0.18328641568106524
127 128 0.11766742697766049
128 125 -0.46748057711052915
128 126 0.7175483909682697
128 127 0.5150759654055099
128 128 0.03581852181255109
125 129 0.2788372302842123
126 130 0.23716738938210413
127 131 0.10041166253643911
128 132 0.20383484218603234
125 124 0.042791060908677056
126 124 0.0054135248472173105
127 124 0.1777279023179041
128 124 0.08706438687465574
129 129 0.3570238371414813
129 130 0.8739385242909078
129 131 -0.3070598477484077
129 132 -0.12033156432843448
130 129 0.4843126778920074
130 130 0.10405164284966942
130 131 0.8683744528221817
130 132 -0.023244253894983382
131 129 -0.4685060801660599
131 130 0.37933273074608037
131 131 0.23624337050662628
131 132 0.7621009133466666
132 129 0.6468981856469218
132 130 -0.28550199783055213
132 131 -0.3095628037703661
132 132 0.6357532675207523
129 133 0.06773911123090422
130 134 0.23179474612694057
131 135 0.08812962129771648
132 136 0.2470610034056694
129 128 0.12074635333706227
130 128 0.12314513915062247
131 128 0.29895273378019993
132 128 0.2065378015836957
133 133 0.4326473073717357
133 134 0.8356172354348848
133 135 0.04405447932416643
133 136 -0.3355880601565316
134 133 0.3204450968408867
134 134 0.20236501365437592
134 135 -0.289191227345784
134 136 0.87905163397012
135 133 -0.08126547490370367
135 134 0.11768077256893056
135 135 0.9393971840080337
135 136 0.3115767787143831
136 133 0.8387652650910726
136 134 -0.4969340729517391
136 135 0.1787751871918814
136 136 -0.13254731102819972
133 137 0.2548128027086329
134 138 0.0021336011491702275
135 139 0.16094667781080566
136 140 0.038606457727839015
133 132 0.2977058423856591
134 132 0.23990340029163273
135 132 0.17983370317700723
136 132 0.014447812091619005
137 137 0.4514216431773739
137 138 0.6998694751037337
137 139 -0.05633966011057625
137 140 -0.550660567489346
138 137 0.0143283115024397
138 138 0.10981635696457819
138 139 0.9926020044006559
138 140 0.04976271789519867
139 137 0.8921900417857241
139 138 -0.3580463784182724
139 139 0.012946156310956572
139 140 0.2750129401986724
140 137 0.003182593111921918
140 138 0.6082153208055613
140 139 -0.10676844381743489
140 140 0.786552283095838
137 141 0.05757413584533792
138 142 0.027944028545790412
139 143 0.20822297723114494
140 144 0.22718739637166596
137 136 0.17786638802951055
138 136 0.09021183856830192
139 136 0.12201415376581365
140 136 0.10409506139517177
141 141 0.4188395660229819
141 142 0.2307598289347319
141 143 0.8774373722142845
141 144 -0.03777535076455645
142 141 -0.3295067496037239
142 142 0.8950359800770853
142 143 -0.0904399794743995
142 144 -0.28662956310490917
143 141 -0.48590528997539834
143 142 0.11208339937405834
143 143 0.23834555103722987
143 144 0.8333815207091162
144 141 0.6927443749848808
144 142 0.3648257218210098
144 143 -0.4063442706069836
144 144 0.4710538794760798
141 145 0.13197538493823516
142 146 0.06057481792353045
143 147 0.23449368151003477
144 148 0.21632693117559534
141 140 0.15702915547168161
142 140 0.15935924858654585
143 140 0.01734038018791757
144 140 0.21960789210710502
145 145 0.7407194286718854
145 146 -0.4032611959654555
145 147 0.49971782338741355
145 148 0.19747717033989287
146 145 -0.31501888036878234
146 146 0.4732277482821015
146 147 0.6490664311608983
146 148 0.5055011090068002
147 145 0.29364090282590255
147 146 0.5556609271463862
147 147 0.29720591176457023
147 148 -0.7188077630650613
148 145 0.5156286000473428
148 146 0.5519753981176878
148 147 -0.49057467417426964
148 148 0.4344960250046556
145 149 0.21716858469068598
146 150 0.11031131397242423
147 151 0.002636125199632211
148 152 0.064168181262233
145 144 0.2156817133530984
146 144 0.1338578574673702
147 144 0.1905229577756071
148 144 0.07263885690707814
149 149 0.8335949784001384
149 150 0.2656738398202485
149 151 0.20232075367482139
149 152 0.44000356300112886
150 149 0.06838865005806904
150 150 0.7917036991691623
150 151 -0.0011516104976600193
150 152 -0.607064180345342
151 149 0.062476842422683386
151 150 -0.27900927632510353
151 151 0.8886593288077601
151 152 -0.3585178729273812
152 149 -0.5445539906108462
152 150 0.4741059873926629
152 151 0.41152106112403863
152 152 0.556178820416218
149 153 0.009763941336073433
150 154 0.11478581783438499
151 155 0.04925349511332513
152 156 0.21384655234823227
149 148 0.218991817253172
150 148 0.2415080987832301
151 148 0.13930471441475337
152 148 0.1325716566469925
153 153 -0.21913664469345992
153 154 -0.15964213345254222
153 155 0.6416501957400879
153 156 0.7174806941555432
154 153 -0.41997545106103434
154 154 0.7479941556731771
154 155 -0.36353505779526657
154 156 0.3632734855981704
155 153 0.38424304633652423
155 154 0.6429442682585452
155 155 0.6015967955199882
155 156 -0.2775990721807133
156 153 0.792437399925446
156 154 0.040519133985995784
156 155 -0.3069341683172151
156 156 0.5255402775238481
153 157 0.09600878442050335
154 158 0.18471209080665824
155 159 0.043768009537965245
156 160 0.1046640199539262
153 152 0.04988501562423457
154 152 0.05271459573955284
155 152 0.19397798673805547
156 152 0.26868543927707944
157 157 0.030815924429482104
157 158 -0.0478673822765098
157 159 0.9393313945511436
157 160 0.3382537859746069
158 157 -0.006621623727615832
158 158 0.3836113559488089
158 159 -0.29531466488622865
158 160 0.8749787028205086
159 157 0.8958199437427894
159 158 -0.4054319357025212
159 159 -0.10387376003017129
159 160 0.14947178958708865
160 157 0.4432980501800477
160 158 0.8283574028241774
160 159 0.14019993541700737
160 160 -0.31249772799496933
157 161 0.011758625203554885
158 162 0.16253528537004763
159 163 0.21785250605445708
160 164 0.26496307512427814
157 156 0.20279656597326026
158 156 0.1481994226508774
159 156 0.20826539758150758
160 156 0.11339246893876646
161 161 0.47365198172089407
161 162 0.8006194515548736
161 163 0.17222892732444955
161 164 -0.3240362488927948
162 161 0.47212329961716354
162 162 0.03477870555640147
162 163 -0.8103236053303223
162 164 0.3453486444781442
163 161 0.6351451786672612
163 162 -0.31261556335225843
163 163 0.5470470943307213
163 164 0.44676793545418897
164 161 -0.3864505041867648
164 162 0.5099710236687427
164 163 0.12021783487258923
164 164 0.759034409635424
161 165 0.07885215311415474
162 166 0.03344842693713501
163 167 0.2447991738782829
164 168 0.29122823144322685
161 160 0.09387454763397711
162 160 0.1050193717906652
163 160 0.2489780498880297
164 160 0.1473305317649836
165 165 0.1598837678737949
165 166 -0.2871245761760763
165 167 0.7305028575268152
165 168 0.598633638940666
166 165 -0.533375420163219
166 166 0.7150635804502697
166 167 0.4477487023839642
166 168 -0.060957662297909006
167 165 0.830221699304367
167 166 0.5023677997826147
167 167 0.1623457177434509
167 168 -0.1788921230130259
168 165 0.02607243641006627
168 166 0.3922628549976701
168 167 -0.4894185760563213
168 168 0.7784083363246582
165 169 0.22043555615232846
166 170 0.21015359465748565
167 171 0.04585444279355872
168 172 0.1992631178532552
165 164 0.16956157096223415
166 164 0.10136984498912056
167 164 0.13028510995121473
168 164 0.08192010134587759
169 169 -0.0321647432087266
169 170 0.7484415020101591
169 171 0.6556090939549416
169 172 -0.0947494764453813
170 169 0.05891144753959542
170 170 -0.3751823701501819
170 171 0.5397725387873177
170 172 0.7512744084875879
171 169 0.39108435421371207
171 170 0.519450025063693
171 171 -0.48988971815590576
171 172 0.5807174557353167
172 169 0.9179040791566135
172 170 -0.17101221786351165
172 171 0.19705427257433736
172 172 -0.29895908828676127
169 173 0.056154693517461496
170 174 0.04729899645017155
171 175 0.19794530263310997
172 176 0.011539873773248277
169 168 0.15748064123717634
170 168 0.034358308044337434
171 168 0.2448102568780976
172 168 0.24741826688237212
173 173 -0.18020530916680608
173 174 0.3600673296829876
173 175 -0.4359881039998096
173 176 0.8048552278600858
174 173 -0.4737697154070464
174 174 -0.11069368811415349
174 175 0.7906361508947343
174 176 0.3717306028203382
175 173 0.724588351924732
175 174 -0.4895961351392323
175 175 0.1485535316354507
175 176 0.4617349812937745
176 173 0.46694755976043234
176 174 0.7863803468827133
176 175 0.4034113264493773
176 176 -0.0287267847618834
173 177 0.19852655448255901
174 178 0.25770914669250744
175 179 0.24250937451965868
176 180 0.04803758678212617
173 172 0.2545748763572259
174 172 0.021014280514010795
175 172 0.1746096042899037
176 172 0.2582722314169157
177 177 0.22694245405624838
177 178 0.6624470334459616
177 179 -0.3550015110099164
177 180 0.6193827391897916
178 177 0.18701800122798035
178 178 0.6041626994796998
178 179 0.7111225185778893
178 180 -0.3071098555004923
179 177 0.9530944774564533
179 178 -0.30072536050123655
179 179 -0.0093983446643216
179 180 -0.032967343098631315
180 177 -0.07164012008385752
180 178 -0.3251393823999932
180 179 0.606786916363304
180 180 0.7217767752825213
177 181 0.03958262537102395
178 182 0.08931908300504539
179 183 0.20860894153211793
180 184 0.12788745909658736
177 176 0.0824911334532467
178 176 0.10852788153031283
179 176 0.17929451582372705
180 176 0.1467085451003648
181 181 0.6260400943289892
181 182 -0.40822253090306226
181 183 0.39423082432505363
181 184 -0.5347992358891676
182 181 0.7314346345067907
182 182 0.5047728429115588
182 183 -0.43252670499574736
182 184 0.15208024844936996
183 181 -0.08082597345694707
183 182 0.7305954211608141
183 183 0.6568413325334027
183 184 -0.1680980561140823
184 181 0.2579618920523042
184 182 -0.2116342904657312
184 183 0.4754599567716027
184 184 0.8140051712701876
181 185 0.24271073759798545
182 186 0.04977158180564771
183 187 0.08069765704290123
184 188 0.28844320347871727
181 180 0.2729346364599579
182 180 0.12514348855200794
183 180 0.07450525977404189
184 180 0.1727999539945932
185 185 -0.12567295820583135
185 186 0.9097652167249463
185 187 0.3953583357297142
185 188 -0.015011475018719831
186 185 0.8809019400169645
186 186 -0.07979804216832145
186 187 0.4650462040761367
186 188 0.03709545275135171
187 185 -0.34549492233656165
187 186 -0.2753613198837811
187 187 0.5507048762485796
187 188 0.7081903285329112
188 185 0.2980794160786641
188 186 0.3002260255463815
188 187 -0.5693399280916845
188 188 0.7048865451797064
185 189 0.024392986452819888
186 190 0.21061763028622485
187 191 0.2618032129974489
188 192 0.07997790476079744
185 184 0.1914218620451571
186 184 0.12045708986691041
187 184 0.013972227671434379
188 184 0.21194550630746223
189 189 -0.5009928369784494
189 190 0.5382282712624231
189 191 0.6699938490392012
189 192 -0.10210165307077283
190 189 0.6531586568406649
190 190 0.7265830379256364
190 191 -0.12193822765803797
190 192 -0.1749054791264942
191 189 -0.11184609117338425
191 190 0.2949356481367117
191 191 -0.1785356861537831
191 192 0.9320023734503098
192 189 0.5566690203160387
192 190 -0.30886952013883623
192 191 0.7101861162081747
192 192 0.30059092084548455
189 193 0.05223072456905979
190 194 0.12428732798904
191 195 0.2710507672078757
192 196 0.10265398397431233
189 188 0.2550417433309597
190 188 0.2505689525994292
191 188 0.1849154180477963
192 188 0.12707833701177687
193 193 0.2567584794405635
193 194 0.5544332545359908
193 195 0.7190976134937639
193 196 -0.33102488088899346
194 193 -0.5711640158463877
194 194 0.16776183481849335
194 195 0.39634418331687876
194 196 0.6989555938194045
195 193 0.7645268248732454
195 194 -0.21785149119617564
195 195 0.1638727523541023
195 196 0.5841105912999075
196 193 0.15279229132005015
196 194 0.7854937688018695
196 195 -0.5467683528280882
196 196 0.24637049992290705
193 197 0.29442934855523234
194 198 0.18722250162656046
195 199 0.18063077265429242
196 200 0.12276505957098231
193 192 0.12987777928362576
194 192 0.02085465820285508
195 192 0.27424627424648573
196 192 0.17297705572648628
197 197 0.16290713036822205
197 198 -0.13286824575434297
197 199 0.5387842512838573
197 200 0.8157933725606308
198 197 0.6821860359784795
198 198 -0.07722324942891266
198 199 0.5293707438390453
198 200 -0.49842291041935954
199 197 -0.39468819644942665
199 198 0.7604822571887229
199 199 0.4996747830649341
199 200 -0.1273305747008748
200 197 0.5935526150011122
200 198 0.6309115116392702
200 199 -0.42403214182983934
200 200 0.26427769561881576
197 201 0.2278712957218367
198 202 0.0643974191686492
199 203 0.24069289845938144
200 204 0.2610161516114767
197 196 0.06473261841386939
198 196 0.026893139331110903
199 196 0.11815718711349225
200 196 0.09441533533802557
201 201 -0.15794896927897425
201 202 0.17580939002808646
201 203 0.37921951474532445
201 204 0.8946148563029689
202 201 -0.2730903846236885
202 202 0.93692289625861
202 203 -0.04401574257364768
202 204 -0.21368140466159657
203 201 0.3143283540573696
203 202 0.05758944133883957
203 203 0.8874924528579068
203 204 -0.33202151767938287
204 201 0.8953610728445704
204 202 0.2965636543654828
204 203 -0.25809362673701636
204 204 0.209203795333028
201 205 0.015389200401513613
202 206 0.2718999431306639
203 207 0.02420691237795396
204 208 0.24733296822692943
201 200 0.04865446131904043
202 200 0.13982253631944172
203 200 0.09395838977385036
204 200 0.28208375302186545
205 205 -0.22872902177268337
205 206 0.919262921231873
205 207 0.12153330780650858
205 208 0.29642599639836503
206 205 0.5127674030322942
206 206 -0.059696242572298226
206 207 -0.41317996350959924
206 208 0.7501921532277399
207 205 0.1768665711522272
207 206 -0.19000677025302629
207 207 0.8969195708311846
207 208 0.3579817407730071
208 205 0.808375433196286
208 206 0.3395430275075704
208 207 0.10023600305189262
208 208 -0.47031099834885026
205 209 0.02041588219546713
206 210 0.24647159887359094
207 211 0.23684868652710503
208 212 0.06572474761712632
205 204 0.1539805190605898
206 204 0.26114873521478005
207 204 0.1868424371776223
208 204 0.27297763455303614
209 209 -0.18235369911761756
209 210 -0.054793181667397675
209 211 0.5691025575069524
209 212 0.7999169423758516
210 209 -0.12985740602966048
210 210 0.7042845013053771
210 211 0.5773682859146376
210 212 -0.3921304090991634
211 209 0.30779716939208096
211 210 0.6932743359185484
211 211 -0.4696166108689368
211 212 0.45176524486384767
212 209 0.9247405501174869
212 210 -0.1426595374326427
212 211 0.34961175645995185
212 212 -0.04769477007911642
209 213 0.022102226498138155
210 214 0.108474911256501
211 215 0.22071984105185882
212 216 0.21805510365201555
209 208 0.2845890579618471
210 208 0.16854469739146336
211 208 0.02627834152760622
212 208 0.008240929253401585
213 213 0.7994781530345283
213 214 -0.1808391008586689
213 215 -0.42695190776316705
213 216 0.38189523547501775
214 213 -0.3386403948941715
214 214 0.24090134973837876
214 215 0.07467331361982424
214 216 0.906483931944291
215 213 0.2954984505772275
215 214 -0.4013026857596808
215 215 0.8544768766793182
215 216 0.1466495391362752
216 213 0.3985448926694158
216 214 0.8649970599354209
216 215 0.28636555643230704
216 216 -0.10457926620232333
213 217 0.18244726870308992
214 218 0.11989477605811331
215 219 0.0711661784170881
216 220 0.23035920110518676
213 212 0.01307064552206616
214 212 0.1141404207180179
215 212 0.03316803528643137
216 212 0.28913388190612527
217 217 0.4806897625262396
217 218 0.09047236321623067
217 219 -0.292947864593035
217 220 0.8215434573575023
218 217 -0.2505968692491192
218 218 0.2180243083002938
218 219 0.8429531997653092
218 220 0.4231979597282407
219 217 0.8171922198827918
219 218 -0.21349399517297699
219 219 0.44647457844594085
219 220 -0.2954278940615386
220 217 0.1957943745056085
220 218 0.9479981363427515
220 219 -0.06535979220688425
220 220 -0.24226471877948005
217 221 0.19180388842341184
218 222 0.09432051599579923
219 223 0.06379532650328394
220 224 0.09883051848127788
217 216 0.231567035812536
218 216 0.2782931716451358
219 216 0.1385011785885195
220 216 0.23824313421917645
221 221 0.4502830320680786
221 222 -0.1884010493495042
221 223 -0.2626161483551462
221 224 0.8323358662575413
222 221 -0.15723207280960325
222 222 0.9393199099100674
222 223 0.020634251588592802
222 224 0.3041881157900767
223 221 0.8448286608730721
223 222 0.22382574745294598
223 223 0.3962373302090728
223 224 -0.281358395455561
224 221 -0.24246195594151468
224 222 -0.17912338269382583
224 223 0.8795470222979965
224 224 0.3681359113969506
221 225 0.12482228277970131
222 226 0.1746946955538519
223 227 0.23349651913737698
224 228 0.08982673894212716
221 220 0.051105470862383685
222 220 0.010719322622611837
223 220 0.06504651171543409
224 220 0.016266243730973785
225 225 0.18758151576999993
225 226 0.9254540845801866
225 227 -0.15618536174096867
225 228 -0.2897482442623615
226 225 -0.46134867007786257
226 226 0.31456325739080887
226 227 -0.1888055723872056
226 228 0.8078117463571642
227 225 0.8655456052009525
227 226 -0.045506472718225194
227 227 -0.12557401848546268
227 228 0.48269154968724637
228 225 0.052928110453079484
228 226 0.20618888276111827
228 227 0.961347884220273
228 228 0.1746281914663075
225 229 0.09313705024423888
226 230 0.006352473588611174
227 231 0.1800998484423541
228 232 0.029229080799957296
225 224 0.1972846424295443
226 224 0.08368279078760658
227 224 0.13797471384477902
228 224 0.05026871568767377
229 229 -0.41618607002128116
229 230 0.19041253627989943
229 231 0.6665453941465214
229 232 0.5884296548354406
230 229 0.5011994313798457
230 230 -0.5171429662448782
230 231 -0.13933594083050954
230 232 0.679667402514528
231 229 0.5808738068274975
231 230 -0.11208570848592306
231 231 0.7181733468772392
231 232 -0.366400680034964
232 229 0.4880306400693426
232 230 0.8268875452225132
232 231 -0.1432821585895463
232 232 0.2399026988996044
229 233 0.12573251323506493
230 234 0.17880872248434335
231 235 0.2100875034879517
232 236 0.23831919340899746
229 228 0.18876863616756753
230 228 0.015485600955356537
231 228 0.10700512221299137
232 228 0.2800875914480518
233 233 0.2303891194658051
233 234 0.934528943442899
233 235 -0.008409433721669132
233 236 -0.271119510407774
234 233 -0.5100244924619398
234 234 0.2670767006268245
234 235 0.6716058808808658
234 236 0.4663588680806522
235 233 0.5625764842699671
235 234 -0.22264422554761099
235 235 0.732483681962778
235 236 -0.312097587038094
236 233 0.6085257349259402
236 234 0.07586328940992135
236 235 -0.11109670494199997
236 236 0.7820477692595138
233 237 0.08246762054072483
234 238 0.026423289241873694
235 239 0.22279768948488293
236 240 0.19388138311475628
233 232 0.25469541559826997
234 232 0.2695351532721186
235 232 0.24506862840043772
236 232 0.11875847121228868
237 237 -0.4252313265363389
237 238 0.6592258353559561
237 239 0.5983392679700431
237 240 -0.16306359905404783
238 237 0.6878499644829708
238 238 0.6780036046462029
238 239 -0.22145512400509437
238 240 0.13465202003467813
239 237 -0.19248807944089238
239 238 0.03207393358362584
239 239 0.09392289053680092
239 240 0.9762674288794241
240 237 0.5558678661031577
240 238 -0.3235794691732925
240 239 0.7642815182183677
240 240 0.046701214901537086
237 241 0.038733753681528336
238 242 0.07393720460212427
239 243 0.09737696384596141
240 244 0.23816159374249732
237 236 0.03507269920434384
238 236 0.20985970930408598
239 236 0.23297538668391396
240 236 0.06075642634999192
241 241 -0.20871633497143374
241 242 0.4134964522154304
241 243 0.03856029589342938
241 244 0.8854215262246313
242 241 0.9501831084145161
242 242 -0.10922264401596138
242 243 0.11058265225261045
242 244 0.2701739283103908
243 241 0.23062546486701516
243 242 0.8507532112688748
243 243 -0.3396289196804236
243 244 -0.32815097956166245
244 241 -0.02003614121263784
244 242 0.3054669729367017
244 243 0.9332399356639733
244 244 -0.18802048817109726
241 245 0.008414871948888458
242 246 0.2677194750202253
243 247 0.15438377830427097
244 248 0.08731163585034375
241 240 0.284547194520401
242 240 0.11605090102187718
243 240 0.2443351868217375
244 240 0.2930277558893764
245 245 0.2747104167853033
245 246 0.8620098295441463
245 247 -0.09935145724521979
245 248 0.4142493556086329
246 245 -0.5711393018026165
246 246 -0.17060549954742596
246 247 0.19163231820143614
246 248 0.7797247694419719
247 245 0.7725558267646665
247 246 -0.44169098276336544
247 247 0.12861166786549577
247 248 0.43763638921637993
248 245 0.03862097070281485
248 246 0.18094721064160418
248 247 0.9679180654646601
248 248 -0.17000337093759302
245 249 0.21324021958589695
246 250 0.07222622096343363
247 251 0.13444105170670484
248 252 0.13182610452928414
245 244 0.29746032281858714
246 244 0.1672366339555432
247 244 0.042769109604452855
248 244 0.2524584716938607
249 249 -0.18567130636463383
249 250 0.7856311535070604
249 251 0.58807818317691
249 252 0.049738386617999245
250 249 0.593732682468249
250 250 -0.3675568334138259
250 251 0.6934877971649461
250 252 -0.1773644585681419
251 249 0.7740734623758754
251 250 0.43315008351939177
251 251 -0.35883843098796
251 252 0.2905619734904553
252 249 -0.11754974524571839
252 250 -0.24508502605649174
252 251 0.21088789937015143
252 252 0.9389577633178188
249 253 0.27685997039853455
250 254 0.1729860770342002
251 255 0.0061756206568919
252 256 0.2989918272423068
249 248 0.2294317716274296
250 248 0.0751429731148866
251 248 0.16647739828308933
252 248 0.001273797599396409
253 253 0.51130576303919
253 254 -0.5237886964016433
253 255 0.6320801639590684
253 256 0.2543353780626184
254 253 0.3383541352386422
254 254 -0.026778646806057776
254 255 -0.5905101054683967
254 256 0.732186587272568
255 253 -0.42284738858818727
255 254 0.46783447991422833
255 255 0.48638286364348077
255 256 0.604783180422125
256 253 0.6672952733340561
256 254 0.7113783838439888
256 255 0.123305278164184
256 256 -0.18290331205966195
253 257 0.08264269248540539
254 258 0.22333744349863704
255 259 0.11504199511012203
256 260 0.13246045087607228
253 252 0.12134508374288888
254 252 0.11893998144374608
255 252 0.03781591116036609
256 252 0.15809734301713138
257 257 -0.06577077033678319
257 258 0.9753352772589299
257 259 -0.01090754937573259
257 260 0.21041940991783462
258 257 0.12782127310996783
258 258 -0.19271743586684978
258 259 0.23053101705202236
258 260 0.945186310856444
259 257 0.965172051772498
259 258 0.0743700073063497
259 259 -0.2445568911254743
259 260 -0.055713010092465445
260 257 0.21858371025106169
260 258 0.07778295996172764
260 259 0.9417687627791759
260 260 -0.2433979667249774
257 261 0.28641888799355797
258 262 0.2493653872680256
259 263 0.17684426565500153
260 264 0.11615706923445535
257 256 0.1162520772411155
258 256 0.24253097619757868
259 256 0.28286245495957063
260 256 0.26230965828730035
261 261 0.6110600882496179
261 262 -0.15265940807796718
261 263 0.2873148305065512
261 264 0.7216306963015402
262 261 0.7733793179434014
262 262 0.014362252894171418
262 263 -0.05040324473460798
262 264 -0.6317734318483375
263 261 0.04586524884870874
263 262 0.9598558680200184
263 263 0.27091981253359754
263 264 0.056351989781581194
264 261 -0.16243884410391032
264 262 -0.23487346262322928
264 263 0.9173397169358665
264 264 -0.27737325432273546
261 265 0.17398227826255583
262 266 0.21595051575244248
263 267 0.150532980062043
264 268 0.19193925277298032
261 260 0.11323485913004011
262 260 0.15328327384305834
263 260 0.1707015446219739
264 260 0.179383384813621
265 265 0.6678264130881573
265 266 -0.13238597181879236
265 267 -0.16130948012414928
265 268 0.7144655961412536
266 265 0.18384135357887788
266 266 0.9003172343231204
266 267 -0.3837077007904745
266 268 -0.09164952072510782
267 265 0.5188359257161874
267 266 0.20136960606730026
267 267 0.785626499132806
267 268 -0.2702786854320161
268 265 -0.5010184835735295
268 266 0.36242670127718557
268 267 0.45775392498207634
268 268 0.6388182131737657
265 269 0.14675390148047465
266 270 0.015884213121332525
267 271 0.15263712138169339
268 272 0.19659624265247036
265 264 0.22623573141259085
266 264 0.21904713172085133
267 264 0.12858316450136445
268 264 0.20775189487349122
269 269 -0.5017357144741658
269 270 -0.09200144959903678
269 271 0.845622306102004
269 272 0.157225702464652
270 269 0.7436215875800178
270 270 0.40344290555248835
270 271 0.5124620999554905
270 272 -0.14711679901883792
271 269 -0.39350999172106627
271 270 0.9086080871081941
271 271 -0.1384306033332474
271 272 0.02044990264200319
272 269 0.20109225176957848
272 270 0.05657649045875409
272 271 -0.056057823653177484
272 272 0.9763291081458548
269 273 0.12433133976589211
270 274 0.00869606287892215
271 275 0.29044056408551405
272 276 0.2597775831891611
269 268 0.15853261617998743
270 268 0.12593262605402641
271 268 0.2331212110944634
272 268 0.10643385080768332
273 273 -0.5120137364092031
273 274 0.8019579896704291
273 275 -0.24634995919178113
273 276 -0.1844370194355203
274 273 -0.12023486715406365
274 274 0.22392057486593323
274 275 0.9670338935867681
274 276 0.015767102668856177
275 273 0.8270150613574945
275 274 0.45232260636778854
275 275 0.003531552968807558
275 276 -0.33382312111377227
276 273 0.1985739125277828
276 274 0.31957349502755245
276 275 -0.06437914564710975
276 276 0.9242816173358813
273 277 0.19617885640570704
274 278 0.11707383870630758
275 279 0.06491391843080214
276 280 0.09176932263175545
273 272 0.2870254153736248
274 272 0.10344179582942949
275 272 0.025117751764991335
276 272 0.24763859114223052
277 277 0.5119471811993022
277 278 -0.013227101415825431
277 279 0.6880789839284067
277 280 -0.5140840780711606
278 277 0.43676763185955375
278 278 -0.07844070956418964
278 279 0.3034987605430026
278 280 0.8431901287323784
279 277 -0.5630473494072679
279 278 0.6032454555458181
279 279 0.5440437628862324
279 280 0.15195060629479976
280 277 0.47971012262337714
280 278 0.7935786156610577
280 279 -0.37209165307690123
280 280 -0.040730587138445955
277 281 0.2354106694621106
278 282 0.2515540945081016
279 283 0.23100339678583068
280 284 0.0933628147591588
277 276 0.2818019959937647
278 276 0.03993978085730434
279 276 0.009456167061634256
280 276 0.22704420901985922
281 281 -0.36474615503359675
281 282 0.6011868191270466
281 283 0.1940194199732601
281 284 0.6840256687941993
282 281 0.6140642109475336
282 282 -0.08000363775612462
282 283 -0.5551949367192865
282 284 0.5552325143761285
283 281 0.6133704742723874
283 282 0.6715572865792581
283 283 0.2480877408659105
283 284 -0.33352652812815364
284 281 0.3371380259069824
284 282 -0.42565788762337753
284 283 0.7697840734560287
284 284 0.33553806705795824
281 285 0.18685592961497224
282 286 0.27906876934013863
283 287 0.06565369564204815
284 288 0.08079846872721393
281 280 0.29147402574422465
282 280 0.1607630231062566
283 280 0.17258845551710958
284 280 0.2717340007525285
285 285 0.5236095746925106
285 286 0.6982085896396042
285 287 -0.47231974900874
285 288 0.12349831310638636
286 285 0.5259887898072222
286 286 -0.21373692299343755
286 287 0.4477651772132015
286 288 0.6907667238812691
287 285 -0.5496943488218285
287 286 0.6355267358205074
287 287 0.419793657386202
287 288 0.3430964531279683
288 285 0.3834122183248823
288 286 0.2508526682339707
288 287 0.6326086357218553
288 288 -0.6243991701541751
285 289 0.004142393710434477
286 290 0.21284114917007343
287 291 0.12425118821009001
288 292 0.18048384384074972
285 284 0.2199121978664206
286 284 0.19808470688437682
287 284 0.027733580920983946
288 284 0.2969911044368096
289 289 0.7694977086632752
289 290 0.004170612363000705
289 291 0.6358618397759487
289 292 0.05946093735582659
290 289 0.3677586020653317
290 290 0.2739583982571236
290 291 -0.5145946743115266
290 292 0.7244948086781285
291 289 -0.22635901316485985
291 290 0.9341981693044125
291 291 0.2720254193847815
291 292 -0.04513921616343488
292 289 -0.47051937699520274
292 290 -0.22848015774940683
292 291 0.506827597014501
292 292 0.6852255980998953
289 293 0.1442911337034165
290 294 0.12047577496019596
291 295 0.04156097095592415
292 296 0.0633970174128261
289 288 0.004610540015667808
290 288 0.07099824298430144
291 288 0.24750406132248196
292 288 0.10891225259280135
293 293 0.24708184487417298
293 294 -0.6417090914646364
293 295 0.6328778668951666
293 296 0.35584492332957335
294 293 0.13682208059382037
294 294 0.7511178556361596
294 295 0.6311259620666383
294 296 0.13704636154227642
295 293 -0.3899952610594338
295 294 0.10764666014694935
295 295 -0.23545153036296776
295 296 0.8836732822486647
296 293 0.8764325282340549
296 294 0.11155090961249715
296 295 -0.3817174379687436
296 296 0.2715036198072984
293 297 0.19518225885755117
294 298 0.07735338899928668
295 299 0.18085462096570715
296 300 0.07853770703740134
293 292 0.006118757982144362
294 292 0.26857609505560437
295 292 0.07819751776706385
296 292 0.28648109989716875
297 297 0.8773233610491323
297 298 0.04060600441913908
297 299 0.224287393993047
297 300 0.4223150926244219
298 297 -0.4187865751856423
298 298 0.4854221252068734
298 299 0.5578573574616394
298 300 0.5270468039271642
299 297 0.12063996092007707
299 298 0.7976994393535041
299 299 -0.5907086134826929
299 300 -0.013599200037587677
300 297 0.2009167101834393
300 298 0.3555166904940751
300 299 0.5381019118894478
300 300 -0.7373511312598122
297 301 0.1584421877985711
298 302 0.12113962359886825
299 303 0.10673000728310209
300 304 0.015389959024957411
297 296 0.07957005734304547
298 296 0.0024573842664054046
299 296 0.02177789127592664
300 296 0.021282519213572205
301 301 -0.03068763119428531
301 302 0.873793592774199
301 303 -0.3155288060388387
301 304 0.368760896894106
302 301 0.023755463155904034
302 302 -0.15972407282636655
302 303 0.5290202549752006
302 304 0.833103515990648
303 301 -0.4656870574197599
303 302 0.39120784202910086
303 303 0.7070883336653089
303 304 -0.36071883410916555
304 301 0.8840981347190237
304 302 0.24068527607946452
304 303 0.3472826381783222
304 304 -0.1995892163539898
301 305 0.0528833708324981
302 306 0.14554327033474976
303 307 0.10261244264740736
304 308 0.05456040746662216
301 300 0.2456302967571619
302 300 0.1691231978324236
303 300 0.268223512482752
304 300 0.29039735044068143
305 305 0.4699227879376977
305 306 0.5565102319598596
305 307 0.6182364294103607
305 308 -0.29538559959952887
306 305 -0.31798694232594304
306 306 -0.07764216865971783
306 307 0.6425905830369857
306 308 0.6927722141860193
307 305 0.8220030157420508
307 306 -0.3913243980021434
307 307 -0.07846269726829544
307 308 0.40622636888392355
308 305 0.048661278220293286
308 306 0.7287889069532134
308 307 -0.4457630144813482
308 308 0.5174883032730395
305 309 0.19270608489339178
306 310 0.09620168468057085
307 311 0.0694822781621175
308 312 0.16389833571720835
305 304 0.2351278382534902
306 304 0.131805180441993
307 304 0.2334620686946958
308 304 0.2313332298718777
309 309 -0.2597780565631302
309 310 0.3512500015790805
309 311 0.4592301436832867
309 312 0.7734639441186688
310 309 0.6901495716996334
310 310 0.28966629233644137
310 311 0.6094000982224079
310 312 -0.26156935610539556
311 309 -0.11567876526217091
311 310 0.8903056261623692
311 311 -0.3844291023174041
311 312 -0.21491528699114557
312 309 0.6654527430843727
312 310 -0.008530386766562394
312 311 -0.5195704578886126
312 312 0.5358604468632807
309 313 0.1861258482093111
310 314 0.18077528727793035
311 315 0.09321594245571489
312 316 0.27296742690210374
309 308 0.065066970769056
310 308 0.17457061245111424
311 308 0.1885630227846594
312 308 0.17460553321074793
313 313 0.4463158973610267
313 314 0.7248061901547285
313 315 -0.21679201519247496
313 316 0.4779741924256945
314 313 0.7864737368629126
314 314 -0.2110459511990593
314 315 0.5575353756839101
314 316 -0.16147127474684494
315 313 -0.39464660257947753
315 314 0.5478637938439281
315 315 0.7255012616521302
315 316 -0.1332187742346435
316 313 -0.16283500870569526
316 314 -0.3605008413177556
316 315 0.340299054290419
316 316 0.8530653298534955
313 317 0.2674555275002916
314 318 0.031049762586510307
315 319 0.09721925429609639
316 320 0.2792925994350953
313 312 0.16349531552866167
314 312 0.27445551644755395
315 312 0.2425859457931001
316 312 0.18668434580962592
317 317 -0.40501979405534627
317 318 0.8611221311034591
317 319 0.30149975861772127
317 320 -0.0593762351505723
318 317 0.716729818674235
318 318 0.5012169824914678
318 319 -0.4808941036858531
318 320 -0.06181233311827256
319 317 -0.03895174503930608
319 318 0.08419746465623261
319 319 -0.09766321728954065
319 320 0.9908861914935084
320 317 0.5663392048984022
320 318 -0.01268852755227676
320 319 0.817496576495761
320 320 0.10391464613474176
317 321 0.2602944939215231
318 322 0.12739776547471302
319 323 0.0107817857481038
320 324 0.11908590527420683
317 316 0.1469832986308566
318 316 0.2070849398554408
319 316 0.048840203610155085
320 316 0.2374737482142398
321 321 0.3519424427274348
321 322 -0.4886296095386825
321 323 0.7226170562520473
321 324 0.3394145130997577
322 321 -0.10421395353875341
322 322 0.8115494486346703
322 323 0.5718990533645819
322 324 0.05880830782533869
323 321 0.9256250515377518
323 322 0.25828793424217145
323 323 -0.17590032713570677
323 324 -0.21345885295343558
324 321 0.09216416256116995
324 322 0.18951501293498688
324 323 -0.34614323290781174
324 324 0.9142071369901781
321 325 0.08022461794603893
322 326 0.22553824801578423
323 327 0.2554529143339473
324 328 0.29249814762542614
321 320 0.08730944221324519
322 320 0.24931745205902103
323 320 0.2204367109371337
324 320 0.042435910018572054
325 325 -0.5457848687394221
325 326 0.6860916464010822
325 327 0.4211247075558407
325 328 0.23248894700555517
326 325 0.5993715528978552
326 326 0.5866923806018443
326 327 -0.3892688320128558
326 328 0.380809097244146
327 325 0.5100050282361475
327 326 -0.1765647347995411
327 327 0.7937012093220086
327 328 0.28063883537350137
328 325 -0.2876933954851095
328 326 -0.3922947841962224
328 327 -0.20288456676183036
328 328 0.8498088991394194
325 329 0.04766948075624389
326 330 0.17939276493590173
327 331 0.01739843028422958
328 332 0.1384339000574073
325 324 0.27314091657907485
326 324 0.10763865249938805
327 324 0.1137754233199581
328 324 0.1403043433686969
329 329 -0.2626781923203909
329 330 -0.09405602569532645
329 331 0.838134064578044
329 332 0.4687055804058438
330 329 0.8189917222448307
330 330 -0.5358116431530761
330 331 0.09465600904445744
330 332 0.18220505456167407
331 329 0.38312132014731837
331 330 0.4693929254063442
331 331 0.5128527698315813
331 332 -0.6081696902206857
332 329 0.33685424180543394
332 330 0.6955067423616217
332 331 -0.15985482858436662
332 332 0.6142035695805369
329 333 0.12616094830427185
330 334 0.1568981175354803
331 335 0.08048291928796529
332 336 0.03617085764722012
329 328 0.28531036045886365
330 328 0.19163357261125583
331 328 0.0009695365713249914
332 328 0.220592881242342
333 333 0.4132556680346838
333 334 -0.6220366993528991
333 335 0.45460472982234273
333 336 0.48541182218659784
334 333 -0.4257877862828969
334 334 0.2721768637153908
334 335 0.8579720765424701
334 336 -0.09224116100616692
335 333 0.8044581188459118
335 334 0.48270477443061816
335 335 0.2171112974403465
335 336 -0.2696403535981823
336 333 -0.027778569301069967
336 334 0.5531601940289012
336 335 -0.10040488046069287
336 336 0.8265355472144972
333 337 0.10160507837202083
334 338 0.27107684707568974
335 339 0.24985874860794427
336 340 0.07582500807516408
333 332 0.17154805753433636
334 332 0.28020429699150434
335 332 0.03869992578402104
336 332 0.26663295050125285
337 337 0.2696171159823837
337 338 -0.18164567965361564
337 339 0.35242402354230307
337 340 0.8775584114250018
338 337 -0.5444045793254062
338 338 0.7677893008427539
338 339 0.25200613507730063
338 340 0.2249803355947445
339 337 0.5216885373957101
339 338 0.2514343409343839
339 339 0.7133232312055421
339 340 -0.3947047123753427
340 337 0.5989752371582604
340 338 0.5606114597236337
340 339 -0.5508722023628898
340 340 0.15324253052466208
337 341 0.26685353032053527
338 342 0.13042217376926468
339 343 0.18358884288459573
340 344 0.09322067251176054
337 336 0.11771969701958426
338 336 0.020965920323847653
339 336 0.23775973185263014
340 336 0.28544098823339875
341 341 -0.14320674049186408
341 342 -0.12041338275442678
341 343 0.7791737689657567
341 344 0.5982312968133895
342 341 -0.27111062896447924
342 342 0.9337794669452434
342 343 -0.0752816711959313
342 344 0.2211054136738608
343 341 0.5555735571970958
343 342 -0.040717126956460264
343 343 -0.443339369279836
343 344 0.7022323986846054
344 341 0.7728705447120788
344 342 0.3345125407776285
344 343 0.4366590333248621
344 344 -0.31638800513727916
341 345 0.09159909420619768
342 346 0.188192821828478
343 347 0.28832578377647605
344 348 0.1668814868032015
341 340 0.26417055276918217
342 340 0.25142482086276746
343 340 0.002401589051173647
344 340 0.012139133848102257
345 345 0.4143719849693345
345 346 0.8883690654961758
345 347 -0.1956861931064479
345 348 0.02834034878986396
346 345 -0.33309599990273747
346 346 0.3242921482915974
346 347 0.8164629551872522
346 348 0.34244693050473696
347 345 0.7895461854449077
347 346 -0.24775185657678747
347 347 0.514651989684857
347 348 -0.22443076465932213
348 345 0.30652852064818464
348 346 -0.2103664031841282
348 347 -0.17386341233227737
348 348 0.9118978869877837
345 349 0.20996076435942274
346 350 0.20620865944093497
347 351 0.16856542907201877
348 352 0.09985913112091158
345 344 0.0756765515175422
346 344 0.24598867999382612
347 344 0.0023356960624727695
348 344 0.26786227758383657
349 349 -0.17823761171232594
349 350 -0.4783026220158676
349 351 0.8414745849063356
349 352 0.17713971463379388
350 349 -0.4410219948863663
350 350 0.7863244365437874
350 351 0.2850147709054448
350 352 0.32551507013694725
351 349 0.1736131060088316
351 350 -0.19032111639540675
351 351 -0.2668987448607465
351 352 0.9286557069591129
352 349 0.8623163243378278
352 350 0.3416114092369385
352 351 0.3734329435309434
352 352 0.01612571069645614
349 353 0.006951470105077839
350 354 0.2935384816240096
351 355 0.012833113088494308
352 356 0.2867498059320223
349 348 0.2161550791123151
350 348 0.13594192820696396
351 348 0.13415499113441018
352 348 0.15519763899824132
353 353 -0.10622319036344195
353 354 -0.32252587816039036
353 355 0.3263237102426575
353 356 0.8821601486574574
354 353 -0.07875426692509004
354 354 0.6162204084619168
354 355 0.7802366219376908
354 356 -0.07280788022859037
355 353 0.13502263968596817
355 354 0.7136258692896669
355 355 -0.5066313849237508
355 356 0.46457684537979566
356 353 0.9819792696601785
356 354 -0.08359177466990779
356 355 0.1675359356405936
356 356 0.025706797432380576
353 357 0.13713534956529802
354 358 0.14955599108558607
355 359 0.0743631198451501
356 360 0.005714850886701095
353 352 0.24960089510834493
354 352 0.022988727739374548
355 352 0.09794796418805218
356 352 0.23178488490414104
357 357 0.7954358087523571
357 358 -0.3706975393804985
357 359 0.2669124993445931
357 360 0.39827493788255275
358 357 0.3933441972277084
358 358 0.5256181289243365
358 359 0.4552492286617523
358 360 -0.6014599445152179
359 357 0.3218182660768911
359 358 0.6643610546274393
359 359 -0.5713968724672491
359 360 0.3585568390760757
360 357 -0.33014424162937794
360 358 0.3807010716265993
360 359 0.6284993807722877
360 360 0.5925031663629939
357 361 0.23177365110702236
358 362 0.12538723219348893
359 363 0.19329421516479423
360 364 0.019421257570292828
357 356 0.14174593375840347
358 356 0.0104527629568389
359 356 0.2519474641450542
360 356 0.14511682089129532
361 361 0.07308782760931588
361 362 0.03250323840989006
361 363 0.9295582410037422
361 364 0.3598932974233467
362 361 0.8987733187864121
362 362 0.4011769285595649
362 363 -0.1307704773874351
362 364 0.11900704043473609
363 361 -0.3376380090239195
363 362 0.42799847126046175
363 363 -0.29258658569645773
363 364 0.7856277574854145
364 361 -0.2699356696610764
364 362 0.809208205644933
364 363 0.18224612121079709
364 364 -0.48898176393926457
361 365 0.2748905853800426
362 366 0.06555130881908848
363 367 0.025202336441969387
364 368 0.16993302273896832
361 360 0.040362207485468905
362 360 0.138438012222174
363 360 0.046661799138967126
364 360 0.19458276256331725
365 365 -0.25933824500030583
365 366 -0.015317115340013298
365 367 0.8105670612819016
365 368 0.5248715079165991
366 365 0.28094255574302285
366 366 0.5111422376098822
366 367 -0.36902450785854146
366 368 0.7236199319418332
367 365 0.8524281842445011
367 366 -0.4732248691435879
367 367 0.19668852808224607
367 368 0.10362449927742194
368 365 0.3566246566887411
368 366 0.7173264404250396
368 367 0.41001899307888595
368 368 -0.4360574015234186
365 369 0.1927074840185064
366 370 0.19852879420209246
367 371 0.1852635294693098
368 372 0.2733426104713903
365 364 0.09603913324735115
366 364 0.28136389548411916
367 364 0.28753271699300303
368 364 0.03078064735753585
369 369 0.23004498178092267
369 370 -0.15245861635327548
369 371 -0.15318546324658153
369 372 0.9488782274385841
370 369 -0.021919143310801255
370 370 0.31206602618716306
370 371 0.9273832492465498
370 372 0.20516982105851914
371 369 0.9630783456340791
371 370 -0.09034861181751136
371 371 0.10430710880953843
371 372 -0.23116499640985455
372 369 0.13812660020669315
372 370 0.9333853941122313
372 371 -0.32498392255408165
372 372 0.06401717312297744
369 373 0.20201936056088846
370 374 0.22115621667167573
371 375 0.254043190212761
372 376 0.08502602344299427
369 368 0.15832273812908948
370 368 0.19442897132362488
371 368 0.05639074760523004
372 368 0.11200859041114901
373 373 0.8699446431494586
373 374 -0.009175287177237375
373 375 -0.4204973105461318
373 376 0.2574764917118588
374 373 -0.18150168104681558
374 374 0.5117276880907121
374 375 0.1220685495861143
374 376 0.8308376389045319
375 373 0.30086906835004246
375 374 -0.4823573755383559
375 375 0.7845558733466215
375 376 0.24755049499293594
376 373 0.34602205326094365
376 374 0.7109022081906203
376 375 0.4390368579319198
376 376 -0.42677092968482344
373 377 0.002447308873564702
374 378 0.04369921140132189
375 379 0.11837499896069241
376 380 0.25072063856723237
373 372 0.033871276289891235
374 372 0.11949260000079422
375 372 0.13180132980663609
376 372 0.015656861066014136
377 377 -0.20182096177047437
377 378 -0.10046604897609855
377 379 0.9239787835726896
377 380 0.30893054219469096
378 377 0.3467146091588348
378 378 -0.1757873229413606
378 379 -0.24073318374010996
378 380 0.8893454509555306
379 377 0.901987870798637
379 378 0.21418383562138693
379 379 0.2968562491134258
379 380 -0.22895312370212148
380 377 -0.1596093985892368
380 378 0.9555787119095699
380 379 -0.013678783432403358
380 380 0.24740059844519122
377 381 0.27453321444737255
378 382 0.00044759794851503273
379 383 0.05282252225305273
380 384 0.0006031642085057464
377 376 0.03125743552273634
378 376 0.030323791345455042
379 376 0.10575809717037687
380 376 0.23486611283480177
381 381 -0.43961414701226154
381 382 0.8556502469323024
381 383 0.03543863536175031
381 384 0.27082496154355973
382 381 0.8560507184518142
382 382 0.3182782240676303
382 383 -0.09394887643597455
382 384 0.39629502663912786
383 381 -0.1599593184260553
383 382 -0.34184179076773574
383 383 0.5443843327277642
383 384 0.7491347707948995
384 381 0.21983990910089013
384 382 0.22294801433014394
384 383 0.8328045449087453
384 384 -0.4565097887801494
381 385 0.22071042186760997
382 386 0.19534928767588497
383 387 0.2410466304777572
384 388 0.02661973139040683
381 380 0.14685535886002302
382 380 0.06263885060320122
383 380 0.25313591285780535
384 380 0.2779288225359007
385 385 0.05492474211593609
385 386 0.9447910882516688
385 387 0.09303875519525483
385 388 0.3093490945444054
386 385 0.882771875667802
386 386 0.044342691154717645
386 387 -0.4394914166386938
386 388 -0.15998386159866765
387 385 -0.055645507796458625
387 386 -0.23436521824162837
387 387 -0.44869645378750495
387 388 0.8606090949433114
388 385 0.4632501113820946
388 386 -0.22466969039000156
388 387 0.7725688170584858
388 388 0.3715646477174457
385 389 0.2975268524158414
386 390 0.1666001249987234
387 391 0.26122941433190383
388 392 0.20313479936889778
385 384 0.15629044023474004
386 384 0.057014125307739125
387 384 0.1493765516454259
388 384 0.29431843662517376
389 389 0.21254227440000198
389 390 0.6328022826633131
389 391 -0.022410887983559346
389 392 0.7442343748771377
390 389 0.021061468980340413
390 390 0.04823904345314724
390 391 0.9984696347766405
390 392 -0.01696459961561484
391 389 0.4828609181547667
391 390 0.5923389344448512
391 391 -0.04972872926931668
391 392 -0.6430450792477415
392 389 0.8492511582776918
392 390 -0.49635557061804564
392 391 0.009121075268299958
392 392 0.1797788187367583
389 393 0.19253071248127554
390 394 0.280516305375387
391 395 0.17360940678880124
392 396 0.1673661419836708
389 388 0.19679506932930738
390 388 0.11583325812935014
391 388 0.11607935248942644
392 388 0.14782030075566008
393 393 0.8441364686310852
393 394 0.1294099173728706
393 395 0.2893845776559014
393 396 -0.4323693581042751
394 393 -0.20078244171836673
394 394 -0.07474990121664218
394 395 0.9511612674867665
394 396 0.22224110015629484
395 393 0.4459192211628923
395 394 0.19863186591223725
395 395 -0.09301973449665801
395 396 0.8677838204506196
396 393 -0.21971818682605887
396 394 0.9686128779847348
396 395 0.053815782462528904
396 396 -0.10303820911653566
393 397 0.05341274006528591
394 398 0.21194527227561133
395 399 0.03157536840735524
396 400 0.02813727923211504
393 392 0.17629097724096085
394 392 0.15119242945019382
395 392 0.16161712277953758
396 392 0.17074898946196285
397 397 0.7346845336905818
397 398 -0.03512802722638284
397 399 -0.5034324177614041
397 400 0.4533877572298825
398 397 0.5811794000274324
398 398 -0.2916597650543708
398 399 0.7477994849330304
398 400 -0.13401871796908663
399 397 -0.2888317307811595
399 398 -0.022457604898415265
399 399 0.37363861579295066
399 400 0.8811731226407866
400 397 0.19759901880719538
400 398 0.9556130279217834
400 399 0.2185083885555196
400 400 -0.003528847328124374
397 401 0.10760402815404553
398 402 0.06710253946946498
399 403 0.0353318445240502
400 404 0.15624145674944565
397 396 0.048689274673450945
398 396 0.22695076476407705
399 396 0.011719453163123594
400 396 0.15655935268270238
401 401 -0.09395587175760273
401 402 0.8748149153662668
401 403 0.41551928166782803
401 404 -0.23068351605009207
402 401 0.05658788212234548
402 402 0.07472815585747469
402 403 0.3688575490268304
402 404 0.9247473291905026
403 401 0.9416254413774974
403 402 0.2255154542334113
403 403 -0.24886879970512168
403 404 0.023422821902223334
404 401 0.3182948851455355
404 402 -0.42220533686436373
404 403 0.7933171847511585
404 404 -0.30179275006523276
401 405 0.07133022253716516
402 406 0.18027446636501457
403 407 0.173322006652332
404 408 0.07768334003431003
401 400 0.14713447550845168
402 400 0.23616070551434765
403 400 0.09583336384221401
404 400 0.17117800598010738
405 405 -0.41242892716858426
405 406 0.559789876230987
405 407 -0.1424436227360606
405 408 0.704448357827381
406 405 0.32192287090074306
406 406 0.8248542090153753
406 407 0.16951421278002515
406 408 -0.43271945961120245
407 405 -0.07414048925693513
407 406 -0.06399918620948435
407 407 0.9739765405826151
407 408 0.2043942034696388
408 405 0.848982469240877
408 406 -0.046421250558762096
408 407 -0.048419463050690836
408 408 0.5241463440835078
405 409 0.22651312945443547
406 410 0.29932882608537476
407 411 0.18296178404460048
408 412 0.04042833050977368
405 404 0.2028442312116954
406 404 0.21977264133188446
407 404 0.21215969251580044
408 404 0.15007235652961096
409 409 0.1817774136582167
409 410 0.9422137195472107
409 411 -0.24902596710535913
409 412 0.1310585605291824
410 409 0.7874061636613833
410 410 -0.29559448001566496
410 411 -0.31053496525589613
410 412 0.4429260346444449
411 409 0.5839937140284606
411 410 0.11889352581775373
411 411 0.5887425008590761
411 412 -0.5460750307202019
412 409 -0.07681046339554404
412 410 0.1035448675691024
412 411 0.7035171431763134
412 412 0.698886430237487
409 413 0.07957469112809587
410 414 0.041339541702617597
411 415 0.1454707844770058
412 416 0.07437081399838816
409 408 0.19682953773634948
410 408 0.08415028274315221
411 408 0.21870102534738348
412 408 0.2572501550090839
413 413 0.5277510717759477
413 414 -0.12219214340412857
413 415 0.7596753433974951
413 416 -0.3597794587848817
414 413 -0.47235649868799734
414 414 0.5920148323510978
414 415 0.572294276365173
414 416 0.31444719375943153
415 413 0.6714795663422963
415 414 0.6581320144830058
415 415 -0.25228160867764854
415 416 0.22876064657261524
416 413 0.21788376803084017
416 414 -0.4488315606986077
416 415 0.17811968952527216
416 416 0.848145193910191
413 417 0.028260204139072397
414 418 0.2040526874829822
415 419 0.07839786968614224
416 420 0.03352072301871134
413 412 0.18795318396121455
414 412 0.15646725090296945
415 412 0.1477628471610309
416 412 0.2112429899157722
417 417 0.5412566714177037
417 418 -0.4023561766909441
417 419 -0.255762683232901
417 420 0.6926298958245883
418 417 0.8382602022842492
418 418 0.31895335346174847
418 419 0.18750656816321595
418 420 -0.40053698765223633
419 417 -0.03510583719468785
419 418 0.047359916162420176
419 419 0.9173512347469929
419 420 0.39368938345365195
420 417 -0.055934149739287356
420 418 0.8568169604619414
420 419 -0.24061057514026257
420 420 0.45259542451109197
417 421 0.2820493580737626
418 422 0.2069571572668374
419 423 0.12455722775294854
420 424 0.21519597980396046
417 416 0.1098600423072751
418 416 0.22321583042599805
419 416 0.0999077144779483
420 416 0.21290394383964012
421 421 -0.11012266772572946
421 422 -0.2675043213312461
421 423 -0.4637374506671716
421 424 0.8374138839133194
422 421 0.9689205822794377
422 422 0.10991851581926261
422 423 -0.21758647241852735
422 424 0.04203512978244534
423 421 0.19553070342717446
423 422 -0.19663632334168507
423 423 0.8557535065939345
423 424 0.4367926697096958
424 421 -0.10408480823596634
424 422 0.9368529843533959
424 423 0.07272991008765661
424 424 0.3258576354502979
421 425 0.2955527354470726
422 426 0.22725286469558928
423 427 0.04119558833761359
424 428 0.09985795050049315
421 420 0.26181456650423157
422 420 0.04880632699077818
423 420 0.16644232266711148
424 420 0.1553377289208572
425 425 0.37518376971386924
425 426 0.6428335861784188
425 427 -0.6367917251709857
425 428 0.20124218786835726
426 425 0.2381682452387849
426 426 0.0031359899991821537
426 427 0.42020430846817997
426 428 0.8756108677211479
427 425 0.7605993619341338
427 426 0.14941739476753754
427 427 0.4631694016476166
427 428 -0.42969426124124477
428 425 -0.4732881115436526
428 426 0.751285290810755
428 427 0.450997498081672
428 428 -0.09038822936044041
425 429 0.2989559479834591
426 430 0.1006796611379233
427 431 0.2679321461144373
428 432 0.04847264579567993
425 424 0.14471985554523403
426 424 0.14990966536122044
427 424 0.18774975931950558
428 424 0.00167146558522413
429 429 0.9593472320022346
429 430 -0.08014231237140111
429 431 -0.17296850232322475
429 432 0.20811534162929057
430 429 0.10576755468864199
430 430 -0.39427103510492106
430 431 0.9058102891411687
430 432 0.11345173131543966
431 429 0.1896121884610506
431 430 0.8765692301171334
431 431 0.3863783085164492
431 432 -0.21537271300430474
432 429 -0.1803145330023265
432 430 0.2641097223824119
432 431 0.017361451495194084
432 432 0.9473285088781073
429 433 0.1606877708821335
430 434 0.08128761180132175
431 435 0.2528677662923456
432 436 0.1807685217679148
429 428 0.22747410084051722
430 428 0.06979252264797102
431 428 0.24803115609197973
432 428 0.039130266471843346
433 433 0.6544822384992971
433 434 -0.11394611788687072
433 435 0.2978797197288402
433 436 0.685519477682238
434 433 -0.46647490224469584
434 434 0.7146026088343379
434 435 0.147887399984119
434 436 0.49987357796636717
435 433 0.5934557118796593
435 434 0.6895396806563208
435 435 -0.14445895421513008
435 436 -0.3892004077398396
436 433 -0.04317966074621563
436 434 0.029906896630193382
436 435 0.9319488183625084
436 436 -0.3587652357524582
433 437 0.06602099459023443
434 438 0.2844624194135509
435 439 0.15237377077673525
436 440 0.27194002658784283
433 432 0.0005104778270266896
434 432 0.2507946090667737
435 432 0.2952429634982642
436 432 0.14994322400174503
437 437 0.4456331818237304
437 438 0.35851437366833216
437 439 0.6447374471937984
437 440 -0.5071411394443234
438 437 0.7933878399417028
438 438 0.2351867939942159
438 439 -0.31199640608407253
438 440 0.46677740942978885
439 437 -0.3608541709061248
439 438 0.8964469484893962
439 439 -0.25703025552086445
439 440 -0.010128357743599362
440 437 -0.20428183969690333
440 438 0.11197090848955181
440 439 0.6487737005486012
440 440 0.7244474660722797
437 441 0.2139718096835818
438 442 0.24043144835279917
439 443 0.27308516833355173
440 444 0.24443791906849807
437 436 0.15110059562350725
438 436 0.027541115084498035
439 436 0.1031330402437248
440 436 0.2512064898068014
441 441 0.5747057442591812
441 442 -0.31935109892917907
441 443 0.0697219013467937
441 444 0.7502446531637628
442 441 0.2720580006739264
442 442 -0.16094335742821264
442 443 0.8783684826513964
442 444 -0.3585393822911562
443 441 -0.5182960714861564
443 442 0.4588793919290423
443 443 0.46862820557756724
443 444 0.5488046017317989
444 441 0.5718976604837824
444 442 0.8133522084406565
444 443 -0.06320814895581936
444 444 -0.08599988874099118
441 445 0.19800191617563506
442 446 0.19984092093551914
443 447 0.03963249576043195
444 448 0.164300669882418
441 440 0.08889991180839019
442 440 0.15581761471702663
443 440 0.26036334205654654
444 440 0.21533197672124968
445 445 -0.27483610039950646
445 446 0.9383622523923599
445 447 0.05855119799678335
445 448 0.2012788076660608
446 445 0.36646961043804904
446 446 0.15170643154613697
446 447 0.8050812704546089
446 448 -0.44105479389313346
447 445 0.24816804854243343
447 446 -0.1394081078920704
447 447 0.3924544593091794
447 448 0.8746184862583989
448 445 0.8535676670453359
448 446 0.27753706305037423
448 447 -0.4409029400499315
448 448 -0.00011774328610479586
445 449 0.27082662500283405
446 450 0.16143183120814444
447 451 0.091175606807624
448 452 0.19897371247179851
445 444 0.1483556509461578
446 444 0.28839717828482747
447 444 0.0027473303561999394
448 444 0.16887973941204504
449 449 -0.04468254876054378
449 450 -0.0324044341051377
449 451 0.7117329132857044
449 452 0.7002782894195926
450 449 0.3483794781672509
450 450 0.6365232401055315
450 451 -0.45608291943046586
450 452 0.5152264304179779
451 449 0.09061676795826447
451 450 0.7062632612271664
451 451 0.511299786298734
451 452 -0.48119989166294813
452 449 0.9318925959535106
452 450 -0.30818877866763333
452 451 0.1549101651942021
452 452 -0.11224396210880948
449 453 0.17252125993221834
450 454 0.2616871387660403
451 455 0.1944630027405437
452 456 0.04491072979209001
449 448 0.040275005446846965
450 448 0.25340496127775985
451 448 0.23984392840213853
452 448 0.28525919174531056
453 453 0.835051399686973
453 454 0.2639220671181951
453 455 -0.4757503634877634
453 456 0.0818284425499265
454 453 -0.20074890724851469
454 454 0.9567204073065857
454 455 0.19293517133834068
454 456 0.08462835306380048
455 453 0.5085938188077516
455 454 -0.04187756053328868
455 455 0.8321137246157236
455 456 -0.21717584281055666
456 453 0.0610029801722996
456 454 -0.1152279248053986
456 455 0.20981982892008327
456 456 0.9690081532923681
453 457 0.07983325499710478
454 458 0.017701152015793743
455 459 0.2812628570114815
456 460 0.14656249606913777
453 452 0.10376392944830956
454 452 0.13420833805495327
455 452 0.1022283192452403
456 452 0.15298915494639817
457 457 0.6895348146240524
457 458 0.6599121479458828
457 459 -0.14587718888583526
457 460 -0.2603412033804716
458 457 0.12229821386485085
458 458 0.12751363301314986
458 459 0.9793385130047618
458 460 0.09838443589753862
459 457 -0.489336127987067
459 458 0.6973338417180518
459 459 -0.08165686958970626
459 460 0.517308247266731
460 457 0.5197451684753461
460 458 -0.24896132949513022
460 459 -0.11378962324042415
460 460 0.8092806298839446
457 461 0.1697583673206469
458 462 0.16765631772574546
459 463 0.19794840035711617
460 464 0.014393590601581673
457 456 0.010654163534798021
458 456 0.16591481570715888
459 456 0.014181724266578488
460 456 0.28153138539075756
461 461 -0.3337480229349097
461 462 0.22834495681606673
461 463 0.894989171162719
461 464 0.18832212133782214
462 461 -0.0746915537810061
462 462 0.8769396153740232
462 463 -0.3245113828933136
462 464 0.34654068325971404
463 461 0.8640010397384222
463 462 0.29401108195215375
463 463 0.3045407144292153
463 464 -0.27260711706628754
464 461 0.36950728316468107
464 462 -0.3039621281897692
464 463 0.03068711666288964
464 464 0.8775703351786234
461 465 0.11250430845189364
462 466 0.026944633766469227
463 467 0.1798442199450673
464 468 0.08149797936480098
461 460 0.2949323198707237
462 460 0.14058146729492194
463 460 0.2559826189027427
464 460 0.021620470199750552
465 465 0.04232997840855699
465 466 -0.1342246537950292
465 467 -0.07762108972973059
465 468 0.9869989268842722
466 465 0.35466841395850496
466 466 0.8282917917743091
466 467 -0.4290533750679781
466 468 0.06368850102051367
467 465 -0.23620526521543614
467 466 0.5115247192818342
467 467 0.8135764363992177
467 468 0.14367642946599268
468 465 0.9036733711649335
468 466 -0.18509163016341468
468 467 0.38468370112066813
468 468 -0.033674571756131824
465 469 0.16676394317059764
466 470 0.008540051355718536
467 471 0.27083731553916307
468 472 0.2820019510069599
465 464 0.19601372421901697
466 464 0.24249897604700793
467 464 0.1630378770464197
468 464 0.029883038475195554
469 469 0.4565918738884461
469 470 -0.07578071037623131
469 471 0.22644277770341534
469 472 0.857032562426815
470 469 -0.38088794583436264
470 470 0.8568986249879454
470 471 -0.14309855700446025
470 472 0.3164994821403168
471 469 -0.004695903390125948
471 470 0.23904565370432232
471 471 0.9443593457019829
471 472 -0.2258772899645887
472 469 0.804006332007694
472 470 0.45037673771378867
472 471 -0.1908714163894791
472 472 -0.33808684479478346
469 473 0.2540962109329486
470 474 0.1976560967075496
471 475 0.09018438106664652
472 476 0.11704885780782359
469 468 0.21523775840139087
470 468 0.13529937919250173
471 468 0.24669638309653213
472 468 0.06483271905060166
473 473 0.08694460717276246
473 474 -0.5900945488768333
473 475 0.19215689308123662
473 476 0.7792976242173377
474 473 0.6903059890445641
474 474 0.5814294204416542
474 475 -0.1554222188480981
474 476 0.40157366002070194
475 473 -0.5454088941532806
475 474 0.5497002652744127
475 475 0.5293951329309043
475 476 0.34655381943473956
476 473 0.4673835843836152
476 474 -0.10750753828438961
476 475 0.8115789891062796
476 476 -0.33366788683058013
473 477 0.18447150745596919
474 478 0.021464585753380592
475 479 0.22270854946798394
476 480 0.16146928568669755
473 472 0.24220561789276515
474 472 0.1430144328168273
475 472 0.00534625865424494
476 472 0.06802579106000044
477 477 0.3569780369938334
477 478 0.31712989003605974
477 479 0.6152192232833839
477 480 -0.6272962786852282
478 477 -0.6058022118731677
478 478 0.3734489721279004
478 479 0.5731847454024005
478 480 0.406200434446072
479 477 0.5351122454090028
479 478 0.6840598216629408
479 479 -0.20118037273104522
479 480 0.45303808099054826
480 477 0.4682149570517179
480 478 -0.5403949097176958
480 479 0.502484838147752
480 480 0.48606283850536114
477 481 0.2768665278384531
478 482 0.10813542046243671
479 483 0.18576940256904487
480 484 0.19526985101737337
477 476 0.0584668672295048
478 476 0.019096139340335872
479 476 0.26303268239419536
480 476 0.1871436194009516
481 481 0.5155686679983876
481 482 -0.5530836249049712
481 483 0.6258741643472213
481 484 0.1912301828765888
482 481 0.7484181714864725
482 482 0.5461497343082788
482 483 -0.01906091955567981
482 484 -0.3758023278926482
483 481 -0.2021319448088069
483 482 0.6290658988370482
483 483 0.574987964877768
483 484 0.48250141145272213
484 481 0.3649683082885736
484 482 0.009750204988127275
484 483 -0.5265995176546237
484 484 0.7677213136637437
481 485 0.11178201574772569
482 486 0.15273047105081497
483 487 0.11294852871912235
484 488 0.28360015248436937
481 480 0.11175669869632851
482 480 0.13926304807267545
483 480 0.18969745434432964
484 480 0.02138453205901285
485 485 0.40058488637749307
485 486 -0.4353914022686475
485 487 0.048376071817627944
485 488 0.804752030946159
486 485 -0.06625764544351909
486 486 0.8480543180383314
486 487 0.21731216753913404
486 488 0.47873710939957975
487 485 0.1740390221225868
487 486 -0.11492954518348185
487 487 0.9560073177761875
487 488 -0.2062804566140766
488 485 0.8971354925566294
488 486 0.27933743059425425
488 487 -0.19101095746924918
488 488 -0.28396007112066907
485 489 0.24070315576407786
486 490 0.11506703328598972
487 491 0.2069961757343624
488 492 0.21279983482442585
485 484 0.14929574860301614
486 484 0.16543129390232125
487 484 0.20984321010349796
488 484 0.21550025230213796
489 489 0.09873730386120314
489 490 0.6581665445257837
489 491 -0.3904600637690073
489 492 0.6360885811698814
490 489 0.9818381658610829
490 490 0.0576145474675322
490 491 0.09032743610847034
490 492 -0.1565737342747094
491 489 0.11778909217893034
491 490 -0.5299517785738412
491 491 0.36702676273848345
491 492 0.7553596478392229
492 489 -0.11122270743166376
492 490 0.5316469467358234
492 491 0.8394481808433931
492 492 -0.0175438039422777
489 493 0.1809745851112244
490 494 0.026226535461325494
491 495 0.014011280073539089
492 496 0.0959004933825108
489 488 0.21482150590658308
490 488 0.019866343274931995
491 488 0.20317012054619102
492 488 0.10730424095514464
493 493 -0.5126646218338051
493 494 0.25448769094041024
493 495 0.5748704039430911
493 496 0.5847521007658942
494 493 0.3112864900321405
494 494 0.8900167878176641
494 495 -0.28752120970136197
494 496 0.1682331492247064
495 493 0.4395944469336444
495 494 -0.3771986526925411
495 495 -0.23496637155425776
495 496 0.7805566621781284
496 493 0.6686048376048251
496 494 0.02876297914814451
496 495 0.7291408484516546
496 496 -0.14315685551572377
493 497 0.04981430489440806
494 498 0.18191539099056064
495 499 0.12902748835302125
496 500 0.1803337752600325
493 492 0.2663723335888233
494 492 0.16970517035884583
495 492 0.2621160256496969
496 492 0.2839323779915062
497 497 0.5984401084249508
497 498 0.19267703866667601
497 499 0.6248359562605724
497 500 -0.4629525063793353
498 497 0.6272727736134636
498 498 0.4896102850718374
498 499 -0.45893796498091066
498 500 0.3952044793955734
499 497 0.0845281478889462
499 498 -0.21191102552703814
499 499 0.5694923181270326
499 500 0.7897007085401672
500 497 -0.4911754231698377
500 498 0.8235599825043669
500 499 0.2731931032391091
500 500 0.07655839100923453
497 496 0.15105170638007284
498 496 0.16668653408973344
499 496 0.22495646006138922
500 496 0.15356803504501268
