600 4
1 1 0.47618845175611507
1 2 -0.2838194874866733
1 3 0.7842919559206565
1 4 -0.27852681166284093
2 1 0.8290896189292951
2 2 -0.07036329542580756
2 3 -0.38812947594186514
2 4 0.39625108245352547
3 1 0.22384564653478142
3 2 0.9508037743653067
3 3 0.15609530869955981
3 4 -0.14662729548791797
4 1 -0.18907164971305646
4 2 0.1023117189392749
4 3 0.45812213697357346
4 4 0.8625012064091508
1 5 0.1444269434110628
2 6 0.03143631534047337
3 7 0.16341766203136476
4 8 0.07259530331063137
5 5 -0.5092636100147128
5 6 0.6129833316226485
5 7 0.5614496141573362
5 8 0.2228819001851844
6 5 0.3492570708826162
6 6 -0.03565155779735901
6 7 -0.015935843432526
6 8 0.9362128570785659
7 5 0.18962442025185267
7 6 -0.5534498424801357
7 7 0.8072422973547296
7 8 -0.07807512064876997
8 5 0.7633561771528581
8 6 0.5627376595165215
8 7 0.18132912898409465
8 8 -0.26025645111372536
5 9 0.007863763151804903
6 10 0.06102265628864771
7 11 0.0809905245318469
8 12 0.26728840277893207
5 4 0.035517605066266555
6 4 0.17698849292400257
7 4 0.017138967183706753
8 4 0.1618296954827894
9 9 -0.4345589562107781
9 10 0.5855612109707181
9 11 0.22678391933266423
9 12 0.6456358383141548
10 9 0.7342061028625887
10 10 0.2672315618341058
10 11 -0.4657865853223658
10 12 0.4154173176611262
11 9 0.473364645964176
11 10 0.419431054440931
11 11 0.7094293983991771
11 12 -0.310987831287273
12 9 0.21914795013309976
12 10 -0.6401429146188994
12 11 0.47783034599408647
12 12 0.5602404709255238
9 13 0.23922496441574218
10 14 0.053978519346889665
11 15 0.09766019899639
12 16 0.24995080079219134
9 8 0.06553855390848637
10 8 0.19536943937730558
11 8 0.23163440483883055
12 8 0.06736382159113226
13 13 0.5447066357181827
13 14 -0.4433790286042252
13 15 0.6711061604473267
13 16 0.23733149687346494
14 13 0.27249736696600124
14 14 -0.06382797574004996
14 15 -0.5432647675883295
14 16 0.7915393652919119
15 13 -0.5183015014698056
15 14 0.41669182441902886
15 15 0.4997056593921486
15 16 0.5550006585653247
16 13 0.6003360888496709
16 14 0.7910176672927369
16 15 0.06909535207453278
16 16 -0.09546445818802603
13 17 0.17760857851429868
14 18 0.1512183961253814
15 19 0.07164943723994108
16 20 0.10233023407405313
13 12 0.26458759067782806
14 12 0.12770970143348415
15 12 0.2634889321122596
16 12 0.004846526398367801
17 17 -0.03663515455023379
17 18 0.8600577914381102
17 19 0.26405739599536426
17 20 -0.43500822113820775
18 17 0.7552779199761737
18 18 0.3212186299858201
18 19 -0.5066789017200849
18 20 0.2639135197336928
19 17 0.6385466695932195
19 18 -0.2644313308057327
19 19 0.7076078519775385
19 20 -0.14705560125153913
20 17 -0.1430778801875147
20 18 0.29528843259589815
20 19 0.4157418790446911
20 20 0.8482288322053749
17 21 0.014084343024586075
18 22 0.16814159893352312
19 23 0.25414021385918695
20 24 0.07650020384480206
17 16 0.06772958219031755
18 16 0.05550976032890598
19 16 0.21064020022437466
20 16 0.1973462795238086
21 21 0.3362032040382168
21 22 -0.01731568837243018
21 23 0.8709325660222074
21 24 -0.3579721189877777
22 21 0.7189941611685922
22 22 0.6504505729261983
22 23 -0.2234726085415241
22 24 0.10010715067915582
23 21 0.40688699835821435
23 22 -0.5166580027387944
23 23 0.13712146108904574
23 24 0.7407463693342056
24 21 -0.45217007018040395
24 22 0.5564878501118685
24 23 0.41561299736945817
24 24 0.5595796071413734
21 25 0.1562899461959654
22 26 0.008660305856976924
23 27 0.008058035392608742
24 28 0.22475915639177654
21 20 0.19623494901174945
22 20 0.1290629445441898
23 20 0.03168933684212542
24 20 0.048025483422024416
25 25 0.1955384221836724
25 26 0.4010216157259402
25 27 -0.5547728181473202
25 28 0.7022631340283756
26 25 0.8146197206241593
26 26 -0.47516949472708553
26 27 0.23787289510932286
26 28 0.23243310397473868
27 25 0.5344586144848836
27 26 0.6643463449446525
27 27 0.007269760074140955
27 28 -0.5224414550454848
28 25 -0.11186342397331939
28 26 0.4147765048312693
28 27 0.7972394600154042
28 28 0.42409464605352953
25 29 0.0724055162455068
26 30 0.21852544904797655
27 31 0.1535400011591328
28 32 0.018448863734862653
25 24 0.13351480942981367
26 24 0.08683009568566968
27 24 0.03301739446375453
28 24 0.0848062982775788
29 29 0.7522615681252932
29 30 -0.3787635673277301
29 31 -0.4642675601784726
29 32 0.27403708827962575
30 29 0.4627183088007428
30 30 -0.09787588910607996
30 31 0.8773623800164633
30 32 0.08091558047818968
31 29 -0.20280932853658346
31 30 0.2300027946265813
31 31 0.04493454066981127
31 32 0.9507617881348073
32 29 0.42292159566614185
32 30 0.8910988636850737
32 31 -0.11256897331222716
32 32 -0.12003485038023919
29 33 0.09465301788513449
30 34 0.046558106932959274
31 35 0.26022753196083076
32 36 0.15862554612208624
29 28 0.15149603389308855
30 28 0.16287051884544118
31 28 0.29238439021968005
32 28 0.23867575616778502
33 33 0.9362852038366198
33 34 -0.2703902190252616
33 35 -0.17835997578090873
33 36 0.13581923859131168
34 33 -0.051027466285747176
34 34 0.4692899252380458
34 35 -0.36997186329904475
34 36 0.8001774703911373
35 33 0.20627177427111415
35 34 0.25916288400482845
35 35 0.9016513964352415
35 36 0.27804912155898925
36 33 0.2796751149103589
36 34 0.7996816210716863
36 35 -0.13540051223258387
36 36 -0.5137682710203028
33 37 0.2775953280069293
34 38 0.229455446151933
35 39 0.24398406599125866
36 40 0.21039662510128637
33 32 0.04988774422743969
34 32 0.17011247340071542
35 32 0.03119476860868928
36 32 0.10918980240174887
37 37 0.44291465205173347
37 38 -0.45016367461260304
37 39 0.7101203834936409
37 40 0.31130100867811816
38 37 -0.08643107647926089
38 38 0.8370977617939855
38 39 0.5191848500295012
38 40 0.14914455309524563
39 37 0.8914120675539791
39 38 0.3070894923169399
39 39 -0.31900571784784587
39 40 -0.09651902148304889
40 37 -0.041722965326882286
40 38 0.04812532563321051
40 39 -0.35272012194808006
40 40 0.9335586016795949
37 41 0.023731413635829843
38 42 0.14059431237823752
39 43 0.19598921291779484
40 44 0.06889576989552683
37 36 0.09900391564567546
38 36 0.07954120365289764
39 36 0.07576502578518447
40 36 0.22093673574176179
41 41 -0.1581458603990498
41 42 0.17329453982592938
41 43 0.18683060452536215
41 44 0.9539670929952729
42 41 -0.4199208523871714
42 42 0.8293689579949917
42 43 0.25136112046203923
42 44 -0.26950175577313457
43 41 -0.09591624816022612
43 42 -0.36790283959833836
43 43 0.9159408581495175
43 44 -0.12845200787325411
44 41 0.8885136115490532
44 42 0.38309742180847595
44 43 0.25092679551032715
44 44 0.02855995081710997
41 45 0.2835082636415659
42 46 0.2905140089809654
43 47 0.031388413189204975
44 48 0.07623818134495176
41 40 0.24103655601129692
42 40 0.05697525193468906
43 40 0.11103495178214948
44 40 0.20550487565156103
45 45 0.23465557884395138
45 46 0.8554368254610789
45 47 0.3560045604885535
45 48 -0.29398188698257194
46 45 0.8527408121613202
46 46 -0.379700155743787
46 47 0.3585540925862598
46 48 0.0099930822192146
47 45 -0.36283557812553907
47 46 -0.05818300565777007
47 47 0.78752004430616
47 48 0.4947496952146184
48 45 0.2934624504739379
48 46 0.34737640568386785
48 47 -0.3528624312916009
48 48 0.8177392784494142
45 49 0.09421123086478138
46 50 0.0362216296187682
47 51 0.09626252737107374
48 52 0.15272875890189713
45 44 0.09799924048836474
46 44 0.019148322635103177
47 44 0.11398300863663159
48 44 0.2727436950546182
49 49 0.7654287064665699
49 50 -0.5153423827242953
49 51 0.3083283611890485
49 52 0.23124607147243562
50 49 -0.4539452388767827
50 50 -0.06906276309122518
50 51 0.8672936188421512
50 52 0.19226500870151178
51 49 0.45291931781616196
51 50 0.7537916751925946
51 51 0.36487959159500877
51 52 -0.3058187136143633
52 49 0.05400654559362852
52 50 0.4018092504318351
52 51 -0.13999387143593373
52 52 0.9033461879372874
49 53 0.2725988210667136
50 54 0.2245607138307708
51 55 0.001561181728330685
52 56 0.11378043675932209
49 48 0.2571525286483358
50 48 0.21882131433932472
51 48 0.18514308843192778
52 48 0.21805334254720024
53 53 -0.1553303499321437
53 54 0.7271398362274029
53 55 -0.1368212614734714
53 56 0.6545380686942148
54 53 0.9809339650955488
54 54 0.034792465147519394
54 55 -0.018189632873686065
54 56 0.1903343840371586
55 53 0.1003550995900848
55 54 0.6417671564212005
55 55 0.4813676518093401
55 56 -0.5885141924515274
56 53 -0.059748577373419307
56 54 -0.2412303046451495
56 55 0.865583192683575
56 56 0.4347456545687034
53 57 0.20428898928497347
54 58 0.2764634428926936
55 59 0.2857288577032851
56 60 0.2609431974883008
53 52 0.09363529958374399
54 52 0.008149905672525604
55 52 0.17697587155382644
56 52 0.15646129023969116
57 57 0.8575140768964628
57 58 -0.2686916506826814
57 59 0.43678124384026745
57 60 0.04118919527220781
58 57 0.38415213874345033
58 58 0.4152865305457887
58 59 -0.556134712235017
58 60 0.608833650263641
59 57 0.1619083931022235
59 58 0.8416028184375945
59 59 0.24271606042919838
59 60 -0.4545099363607834
60 57 -0.3014671034562416
60 58 0.21690226001255888
60 59 0.664097312813682
60 60 0.6488803851626238
57 61 0.27430722485173337
58 62 0.2331242771938049
59 63 0.28714652673554714
60 64 0.06788623499262418
57 56 0.14122696879589672
58 56 0.007773063509846478
59 56 0.26396990389147285
60 56 0.2486129933359864
61 61 0.5033478015091717
61 62 0.6887180740105834
61 63 -0.5130284890755459
61 64 -0.09544723486773864
62 61 0.5986594654289099
62 62 -0.029555605079043454
62 63 0.42102801232221376
62 64 0.6807853725667062
63 61 -0.5840301148145203
63 62 0.6677350660460761
63 63 0.25137592011215065
63 64 0.3871031559545205
64 61 0.21715584302061414
64 62 0.2809337329549538
64 63 0.7045192183501012
64 64 -0.6144690785591767
61 65 0.10512898519013954
62 66 0.0607352369695731
63 67 0.21209989499542606
64 68 0.19239985669386217
61 60 0.11939439319668241
62 60 0.05117899506627299
63 60 0.24975254239328795
64 60 0.21431881542521092
65 65 -0.042279796238885926
65 66 0.3711526769046956
65 67 0.16257107956946523
65 68 0.9132517469701849
66 65 0.36554046154876263
66 66 0.8677444358320147
66 67 -0.12130623851697032
66 68 -0.31414098992356876
67 65 0.21138570099499684
67 66 -0.011177752479431874
67 67 0.9645842108084385
67 68 -0.15737993367460715
68 65 0.9054880867330996
68 66 -0.3303639543875288
68 67 -0.16862010806408564
68 68 0.20619951887024687
65 69 0.058392676939128196
66 70 0.054442185069677
67 71 0.0029720376942935054
68 72 0.14181361323908862
65 64 0.05758846832996325
66 64 0.15684901815825472
67 64 0.10520575786883365
68 64 0.06053120865463091
69 69 0.024380565302902106
69 70 0.8012837956261897
69 71 0.5066854534115075
69 72 -0.31720611312453206
70 69 -0.41398338378085464
70 70 0.4830134472646197
70 71 -0.29851102200735463
70 72 0.7114822116223475
71 69 0.13177816152101146
71 70 -0.26031701006325086
71 71 0.7648746123383333
71 72 0.5743138495789181
72 69 0.9003654047857494
72 70 0.2384897123570843
72 71 -0.2629217534582953
72 72 0.251668326420398
69 73 0.2888332774082275
70 74 0.1722710017349889
71 75 0.1624753291278226
72 76 0.2421640443088559
69 68 0.26281910510539674
70 68 0.09743670081822908
71 68 0.11718686593909589
72 68 0.18061413763426157
73 73 0.04912727592758164
73 74 0.27704695375493044
73 75 0.9183718632106395
73 76 -0.2782527934056862
74 73 0.2999103653600327
74 74 0.006725093127704704
74 75 0.26001466242362076
74 76 0.9178240142842016
75 73 -0.49684271446198863
75 74 0.8282614200689344
75 75 -0.16202701625418472
75 76 0.20218205438466022
76 73 0.8128884305952386
76 74 0.487014146163055
76 75 -0.250465051836609
76 76 -0.19823440329560724
73 77 0.15262022939050443
74 78 0.1581557117738873
75 79 0.17077819644779352
76 80 0.17336718074094334
73 72 0.2407016434275331
74 72 0.046581914353103236
75 72 0.1718536885996413
76 72 0.2651159517562784
77 77 0.6598801320205078
77 78 0.004631617312104118
77 79 0.7243744202011861
77 80 0.19954563098165493
78 77 0.4688256981450016
78 78 -0.05007833621063837
78 79 -0.6038179353711873
78 80 0.6427274118359222
79 77 -0.5388613218985479
79 78 0.36452669312770253
79 79 0.2958787792653374
79 80 0.699431564729234
80 77 0.2332148191800817
80 78 0.9298338552455648
80 79 -0.1521228065173858
80 80 -0.24057951178611484
77 81 0.2754399136056079
78 82 0.12770436829279888
79 83 0.2507130662595682
80 84 0.16379129981164167
77 76 0.034627621137170925
78 76 0.27785837272802666
79 76 0.024581804210727976
80 76 0.05966675973090038
81 81 0.3335548624416132
81 82 -0.5136233411334132
81 83 0.787603948357472
81 84 0.06791345754875294
82 81 -0.25997172785247236
82 82 0.16778142065831475
82 83 0.13839195457457631
82 84 0.9408037853390614
83 81 0.9054110149302949
83 82 0.2701709679225389
83 83 -0.2275644975019661
83 84 0.23548448274009506
84 81 -0.037239072247444986
84 82 0.796899056604176
84 83 0.5556456486983651
84 84 -0.23414324283245455
81 85 0.09511574379952378
82 86 0.14475182645907927
83 87 0.2575590562902745
84 88 0.035067361882341073
81 80 0.13831033117758432
82 80 0.06986899208911687
83 80 0.13007363638173933
84 80 0.29327176918867537
85 85 0.3388637843431357
85 86 0.4429128966051149
85 87 -0.2230381109204727
85 88 0.7995333030953382
86 85 0.9261606219261708
86 86 -0.07916412802248925
86 87 0.2368356752076822
86 88 -0.28260998952034416
87 85 -0.11799742353393688
87 86 0.8658436272935791
87 87 0.35702138466238525
87 88 -0.330041136842369
88 85 -0.11607948179299475
88 86 -0.21880589555677635
88 87 0.8756132678983921
88 88 0.4146696746285713
85 89 0.10550368048938043
86 90 0.06224851803324309
87 91 0.1910442683337175
88 92 0.1846136746421342
85 84 0.29427523161080166
86 84 0.02438298144736777
87 84 0.051679042343892756
88 84 0.12756121733449446
89 89 0.4444598040250012
89 90 -0.5545613392701234
89 91 0.5694205704035373
89 92 0.41313123531669005
90 89 -0.4112781770685172
90 90 0.3156437646000157
90 91 0.008046686705608054
90 92 0.8550757427090234
91 89 0.7686405643002586
91 90 0.29930160302733727
91 91 -0.49995412550078816
91 92 0.2639244318591738
92 89 0.20614903973929613
92 90 0.7094006521573849
92 91 0.6524885724892918
92 92 -0.16885482197476379
89 93 0.04421256479640225
90 94 0.13896107440242517
91 95 0.1936363103017364
92 96 0.17041829560425953
89 88 0.27915785775849977
90 88 0.06697486445325236
91 88 0.28383948646070717
92 88 0.14003436256658733
93 93 0.6035613403318475
93 94 -0.1741698109732861
93 95 -0.2369915149704266
93 96 0.741089473163919
94 93 0.7001020649028258
94 94 0.050986110252006854
94 95 0.6133249519846867
94 96 -0.3620635559582751
95 93 0.05962124141926252
95 94 0.9829755149469367
95 95 -0.051848434510195815
95 96 0.1658800302184439
96 93 -0.37685025507122716
96 94 -0.028712898176671806
96 95 0.7516510260379115
96 96 0.5405369458114786
93 97 0.060201579105590985
94 98 0.2770364796171503
95 99 0.1826997182778072
96 100 0.18950380000405126
93 92 0.1655012507822444
94 92 0.052609773234877186
95 92 0.1965696864791853
96 92 0.2806744872927016
97 97 -0.16805180219333446
97 98 0.21227882919335325
97 99 0.34956782886189897
97 100 0.8969384725167329
98 97 -0.09152211161371397
98 98 0.9033027821465914
98 99 0.2569937599101286
98 100 -0.33109212346301775
99 97 0.6953235832606366
99 98 -0.16356421294148077
99 99 0.6925233120770683
99 100 -0.10091246224441133
100 97 0.6927534983144635
100 98 0.3350052696411822
100 99 -0.5763401796004171
100 100 0.27512916469155035
97 101 0.09727289868886481
98 102 0.08032388003306419
99 103 0.15600916698765535
100 104 0.03843716520609262
97 96 0.10910334594766118
98 96 0.22154509580996118
99 96 0.1745248167342221
100 96 0.12241033271573314
101 101 0.0684853543978422
101 102 0.23782935146288608
101 103 0.9665190108072416
101 104 0.06773446363510684
102 101 0.370096410102733
102 102 -0.15934922397888157
102 103 -0.0510533143962336
102 104 0.9137997762833808
103 101 -0.3554490154292573
103 102 0.8661226372190216
103 103 -0.20779859787175256
103 104 0.2833854573715317
104 101 0.8555667132915136
104 102 0.4097274724702236
104 103 -0.1416132181679515
104 104 -0.2829747229892358
101 105 0.26281839188489914
102 106 0.060361648285360545
103 107 0.018440093033494875
104 108 0.02554185680169092
101 100 0.12870640054244958
102 100 0.13279923091245877
103 100 0.24520744390910182
104 100 0.09296449272375525
105 105 0.2418627340968322
105 106 -0.3959887880884556
105 107 -0.003855971478234728
105 108 0.8858218946534339
106 105 0.8471432205367254
106 106 0.12552151780498133
106 107 -0.4849299493967906
106 108 -0.17730103396377722
107 105 0.4587441904507244
107 106 0.20088697559321397
107 107 0.8649821632479859
107 108 -0.03168671689454406
108 105 -0.11577801812770426
108 106 0.88717622337007
108 107 -0.12897260532694307
108 108 0.4276445560046572
105 109 0.27835162183360745
106 110 0.23886102525739938
107 111 0.01882584590620844
108 112 0.23525525453137328
105 104 0.10162831624294288
106 104 0.1350521398250232
107 104 0.03311713633121758
108 104 0.17763176174215425
109 109 0.1642304707086211
109 110 0.850583580490463
109 111 0.49344933358686965
109 112 0.07774111057557433
110 109 -0.3422774395477269
110 110 0.2455842834945162
110 111 -0.434802343714795
110 112 0.7959154703718597
111 109 0.90659567338052
111 110 0.03290922692834605
111 111 -0.38513782753810805
111 112 0.16932253715889875
112 109 0.1842791140503948
112 110 -0.4638026682582672
112 111 0.6473975060826401
112 112 0.5760249666110759
109 113 0.2535733422530188
110 114 0.07370826885296522
111 115 0.20263727681253213
112 116 0.24888715038639495
109 108 0.2784324211131603
110 108 0.2333535030043398
111 108 0.11457640230499533
112 108 0.2689843527395097
113 113 -0.3142137575198376
113 114 0.03205591682505515
113 115 0.7845420872832585
113 116 0.5336064524188188
114 113 -0.28539978478015826
114 114 0.6051566558182786
114 115 -0.5079929043247519
114 116 0.5424717448144007
115 113 0.8096863749135609
115 114 -0.16384314279894371
115 115 -0.0507474122440448
115 116 0.5612380056514648
116 113 0.40524640863558536
116 114 0.778404306689722
116 115 0.3519397996638976
116 116 -0.32557711993840754
113 117 0.13750212172001092
114 118 0.03476270739403666
115 119 0.082137703393124
116 120 0.1608460838878413
113 112 0.011477130190625595
114 112 0.02769304983849936
115 112 0.06935456278523112
116 112 0.29602447704084534
117 117 0.5129751117614476
117 118 0.8182782964309958
117 119 0.17195869238075365
117 120 -0.19418386240369975
118 117 -0.4728963158524257
118 118 0.2880238790698588
118 119 0.6407303195957248
118 120 0.5318608625284575
119 117 0.2869171583763907
119 118 0.11759645469793922
119 119 -0.5081075701016824
119 120 0.8035398653937815
120 117 0.6564329009089579
120 118 -0.48335695765967274
120 119 0.5492918740258455
120 120 0.18368542461341397
117 121 0.18609052979906543
118 122 0.139289728907424
119 123 0.13113873842830875
120 124 0.03263742141904697
117 116 0.2458870893325603
118 116 0.2438740195837333
119 116 0.19744118593431317
120 116 0.18411460496222937
121 121 0.24017923733899585
121 122 -0.39781692014389125
121 123 0.8851439440426563
121 124 0.023996464804179045
122 121 0.21484428763030755
122 122 0.9064942874053683
122 123 0.35161203208402336
122 124 -0.09208158267429349
123 121 0.9451995591432641
123 122 -0.09937037396560021
123 123 -0.3030324740485249
123 124 0.06996171699827711
124 121 -0.052475322002482346
124 122 0.10067439459265892
124 123 0.032565271231564115
124 124 0.9930007603037135
121 125 0.15452311698890142
122 126 0.14513010643960592
123 127 0.1134927990497831
124 128 0.2701302591676387
121 120 0.21037132882553947
122 120 0.04153739053118339
123 120 0.02564245114138417
124 120 0.22391169437977768
125 125 -0.4114393391220756
125 126 0.6590466474816954
125 127 0.6279255501036953
125 128 -0.045658407691242485
126 125 0.4261905351925999
126 126 -0.34249660216708677
126 127 0.6747721368725214
126 128 0.4957219669499602
127 125 0.024320722923629617
127 126 0.44004171974930456
127 127 -0.387022701921975
127 128 0.8099291422794714
128 125 0.8052874023424846
128 126 0.5046948373296618
128 127 -0.024606808498412076
128 128 -0.31014484644566076
125 129 0.22258733589210192
126 130 0.2771354284733403
127 131 0.009350157819233318
128 132 0.1745996984450664
125 124 0.23882499539567945
126 124 0.11117041360431347
127 124 0.22491176352937067
128 124 0.13643993078401148
129 129 -0.40848144669585434
129 130 0.13692320901384647
129 131 0.11928355476487733
129 132 0.8945201932328118
130 129 0.7929257081803343
130 130 0.4376297723148522
130 131 -0.26554051150050917
130 132 0.33051057538664985
131 129 0.30850635664815396
131 130 0.008497186877794615
131 131 0.9510988703123597
131 132 0.012750082878142
132 129 -0.3305080285252684
132 130 0.8886281646629064
132 131 0.10329864086838716
132 132 -0.30072216220777453
129 133 0.08988566354715721
130 134 0.15878868158657386
131 135 0.27924278712132694
132 136 0.29046680589730506
129 128 0.12810727326084828
130 128 0.29357960944286854
131 128 0.03578723077617361
132 128 0.28127176588316816
133 133 -0.08994992569807839
133 134 0.8771198426004508
133 135 -0.46673389057688736
133 136 -0.06876967333375782
134 133 -0.15314876698555496
134 134 0.4391241715132473
134 135 0.8747780529442997
134 136 -0.13593665896508283
135 133 0.9348693477409591
135 134 0.10185060857470077
135 135 0.06054091752603034
135 136 -0.334634955574673
136 133 0.30736585479214906
136 134 0.16570213409104534
136 135 0.11514178554742514
136 136 0.9299523661384573
133 137 0.1824101013267981
134 138 0.1493921118462043
135 139 0.17740986399809044
136 140 0.13278567432220373
133 132 0.289954840399565
134 132 0.01966569002231262
135 132 0.10303015079657094
136 132 0.2226313247492816
137 137 0.14270177980282137
137 138 -0.5601338512787436
137 139 0.7888713661551471
137 140 0.20873006097172891
138 137 0.20589526276215997
138 138 0.3303638348295216
138 139 -0.046089643897547966
138 140 0.9199688158487939
139 137 0.9071439402975316
139 138 0.276826169513839
139 139 0.11101286535666884
139 140 -0.2968725099753535
140 137 -0.33813194820169995
140 138 0.7074440452506977
140 139 0.6026888551410352
140 140 -0.1481750732526932
137 141 0.0446323024856307
138 142 0.08753901394340304
139 143 0.1702051920329081
140 144 0.22503322837850218
137 136 0.1532704377240757
138 136 0.20154125970636333
139 136 0.14144496822157734
140 136 0.2054359969050197
141 141 0.742738715095882
141 142 -0.20169986791909464
141 143 -0.18167591502333963
141 144 0.6120867800235272
142 141 0.2806224987760891
142 142 0.959416901795393
142 143 0.021011857937487617
142 144 -0.01813073512045167
143 141 0.09699049722548582
143 142 -0.04687547733919406
143 143 0.9815153231386381
143 144 0.158187241951527
144 141 -0.6001525287177711
144 142 0.19141332622096016
144 143 -0.05639179169438011
144 144 0.7745952792576203
141 145 0.0243621443007634
142 146 0.21614821035570414
143 147 0.049430153825849074
144 148 0.23531683068618225
141 140 0.2893672988062203
142 140 0.09516197092866105
143 140 0.20334693371290022
144 140 0.17027485652148092
145 145 0.1546528419458206
145 146 0.9857277604269334
145 147 0.06649867182711115
145 148 -0.0010988389385550809
146 145 0.9246448965110916
146 146 -0.1681247603123943
146 147 0.341678553873714
146 148 -0.004652542171725482
147 145 -0.3462833024532386
147 146 -0.008587404052866869
147 147 0.9340631146553405
147 148 0.0868344906939418
148 145 0.034672586810795256
148 146 0.0010506118382006444
148 147 -0.07974829345109627
148 148 0.9962112816216502
145 149 0.21083053067469196
146 150 0.016383984578952515
147 151 0.1644649670720588
148 152 0.05375239574566559
145 144 0.23041839883050874
146 144 0.11063239020837216
147 144 0.06342159741451914
148 144 0.12868257933084684
149 149 0.8131679755328728
149 150 -0.012428969950897201
149 151 0.4425236027141814
149 152 -0.3778574139997673
150 149 0.14822258061769505
150 150 0.966536591120508
150 151 -0.08001588426636394
150 152 0.19348008394987623
151 149 -0.20810414216900971
151 150 -0.003956870865875861
151 151 0.8275228105334144
151 152 0.5214240186565352
152 149 0.5229537036630507
152 150 -0.25619695920142993
152 151 -0.3361194986203755
152 152 0.7402068795736955
149 153 0.2506414096598591
150 154 0.10718121376630038
151 155 0.17933525201959324
152 156 0.08769175942026348
149 148 0.05413292113350852
150 148 0.052737366424412443
151 148 0.15245502611509398
152 148 0.2528434236788924
153 153 0.7725449834248347
153 154 -0.06129042498700722
153 155 -0.21419193575504572
153 156 0.594591916399424
154 153 -0.18556417891044058
154 154 0.8754437034840794
154 155 0.19480428880666273
154 156 0.4015165583109902
155 153 -0.40267434207323477
155 154 -0.47789348484453015
155 155 0.45178872282624594
155 156 0.6366774232734093
156 153 0.454525640999826
156 154 0.03820501247404324
156 155 0.8438365088375034
156 156 -0.28264246858617864
153 157 0.07651166090388019
154 158 0.1005122748086882
155 159 0.05368582723375195
156 160 0.27709444367791514
153 152 0.29839071543020484
154 152 0.1507706912200228
155 152 0.1280469657772151
156 152 0.2189051087233459
157 157 0.9467164721571407
157 158 -0.12193406602509092
157 159 -0.2583975645257395
157 160 0.14862941679254657
158 157 0.23328831582401477
158 158 0.8888936266842664
158 159 0.3840984911313698
158 160 -0.08895522048025803
159 157 0.20406245318255606
159 158 -0.441036052416297
159 159 0.8569241628960397
159 160 -0.17183333412084995
160 157 -0.08753855292069432
160 158 0.022077238317545517
160 159 0.22667162769674654
160 160 0.9697781037423604
157 161 0.0009577760153525849
158 162 0.11868516234373666
159 163 0.24450382339926677
160 164 0.21453059975661526
157 156 0.1180683179494893
158 156 0.29495442484629125
159 156 0.2718742315279926
160 156 0.01865422602168727
161 161 0.34854713779125374
161 162 -0.18884226292424078
161 163 0.8682249516345759
161 164 0.2983939105114498
162 161 -0.25913086334161667
162 162 0.6796493754953914
162 163 0.4344270904946505
162 164 -0.5312259642533544
163 161 -0.2827038285299261
163 162 0.5385093414467104
163 163 -0.04181093032756637
163 164 0.7926777911700923
164 161 0.8552453646386372
164 162 0.46089371366618537
164 163 -0.2360304694496765
164 164 -0.02054187086129735
161 165 0.20998283650105096
162 166 0.08730944943014547
163 167 0.0543188655700072
164 168 0.07566482451330785
161 160 0.18954936732839486
162 160 0.11069704724413039
163 160 0.22915675074909453
164 160 0.15142162540227375
165 165 0.49786165178574526
165 166 0.4658368708140381
165 167 -0.4655215441597479
165 168 0.5642866978712854
166 165 0.49618277257097093
166 166 0.5229970132975885
166 167 0.292368924137028
166 168 -0.6283288887871893
167 165 -0.4201711934033239
167 166 0.55277700555021
167 167 0.5948136009925945
167 168 0.40508089370296535
168 165 0.5739273474221115
168 166 -0.4515614199717812
168 167 0.5865210006438852
168 168 0.35027531982397
165 169 0.28575992953991514
166 170 0.04040321721659448
167 171 0.01032126875210857
168 172 0.08820039964242583
165 164 0.18555865172173938
166 164 0.2322806655751653
167 164 0.209617599442283
168 164 0.24788111049878134
169 169 0.05988019637907082
169 170 0.9198113817109669
169 171 0.3539597200390993
169 172 -0.15834740524053093
170 169 0.9773854297284789
170 170 0.02488833645338645
170 171 -0.19303365132411143
170 172 0.0826819322436371
171 169 -0.1636450769215832
171 170 0.3196981049047377
171 171 -0.433308988719394
171 172 0.8265934495352748
172 169 0.1198013882866556
172 170 -0.2260989042517993
172 171 0.8060358840283108
172 172 0.5336975421710553
169 173 0.033800102306531854
170 174 0.17402453657012898
171 175 0.23692840696581477
172 176 0.18058722600803015
169 168 0.2731782752060684
170 168 0.2472395312020698
171 168 0.2832391217158064
172 168 0.17436195442108854
173 173 -0.23751746191410575
173 174 -0.35336760801875905
173 175 0.8041796685810955
173 176 0.41474311269722286
174 173 0.9518395095261393
174 174 0.09193663532375491
174 175 0.2825604536684363
174 176 0.07555655638706849
175 173 -0.17429386144530382
175 174 0.6675150367740624
175 175 0.5078796934812623
175 176 -0.5158522487034302
176 173 -0.08490378821586775
176 174 0.6489242362317563
176 175 -0.1245506628359142
176 176 0.7457719589557928
173 177 0.23207434511230052
174 178 0.12892115965079623
175 179 0.13143706019087098
176 180 0.28920310328034343
173 172 0.0788257647940088
174 172 0.022190810883767485
175 172 0.06255464652377751
176 172 0.11185996881106083
177 177 -0.019262584248606187
177 178 -0.26326117303013175
177 179 0.5392148426238113
177 180 0.7997311180122002
178 177 0.4932426343946269
178 178 -0.2784461097845574
178 179 0.6441278302528931
178 180 -0.5140805441319434
179 177 0.789505113508662
179 178 0.5201467871735098
179 179 -0.14815638937324174
179 180 0.29013562315688596
180 177 -0.3647222672214965
180 178 0.7632880442622697
180 179 0.5219160622894865
180 180 -0.10941961982810643
177 181 0.21100350608677956
178 182 0.07685035931909946
179 183 0.20843716086816733
180 184 0.127826550626502
177 176 0.1962644992958695
178 176 0.043564986784410675
179 176 0.07043700265120008
180 176 0.13809796643488348
181 181 0.5128545255894059
181 182 -0.6044447939001262
181 183 0.4539784638665455
181 184 0.40685412748904315
182 181 0.44479704002159126
182 182 0.46936186583523737
182 183 0.5733424439678458
182 184 -0.5031237164283482
183 181 -0.28422434672709906
183 182 0.5263825624952022
183 183 0.3992710184875148
183 184 0.6947809528365618
184 181 0.6770172446090641
184 182 0.37049605656158174
184 183 -0.5529598991665595
184 184 0.31403132405538103
181 185 0.11493009101583307
182 186 0.23429557984042101
183 187 0.2985897123003606
184 188 0.25613921184041843
181 180 0.2664567182628145
182 180 0.20006076846447193
183 180 0.1076550701535925
184 180 0.2811486454326018
185 185 0.45226111735967933
185 186 0.06544969855990442
185 187 0.6641588469962811
185 188 -0.5916664978174471
186 185 0.387916825960589
186 186 -0.24288027789977054
186 187 0.44533522423590616
186 188 0.7695493777521669
187 185 -0.2967412802051931
187 186 0.8665133366159524
187 187 0.3256708710894791
187 188 0.23460122295651595
188 185 0.7462740987622576
188 186 0.43113819713919743
188 187 -0.5044879064310125
188 188 0.05183412726184279
185 189 0.021434544658315045
186 190 0.1797571096719764
187 191 0.03096392019306582
188 192 0.2668115950137951
185 184 0.05540178067327852
186 184 0.12694712947233897
187 184 0.09557260878766476
188 184 0.12472492516615297
189 189 0.8131248801330299
189 190 -0.3210815411879022
189 191 -0.03166246908991756
189 192 0.4844915492226649
190 189 -0.4817126091599459
190 190 0.08805587772991649
190 191 -0.1658205047244243
190 192 0.8559805399578128
191 189 0.03245135520966589
191 190 0.25434386053346786
191 191 0.9503727290309352
191 192 0.17620381967562776
192 189 0.3251581169677599
192 190 0.907998902485321
192 191 -0.2613287664578086
192 192 0.038954690052331424
189 193 0.03934514870483314
190 194 1.948014897370509e-5
191 195 0.2578008280980357
192 196 0.15882019918917717
189 188 0.05228962120613456
190 188 0.14292049306683574
191 188 0.04697067889399304
192 188 0.19842146974940264
193 193 0.8597076592973737
193 194 0.036919164494055405
193 195 0.20521055317836248
193 196 0.46629212378370916
194 193 -0.021855028461051154
194 194 0.21267367483099414
194 195 0.9025539642953815
194 196 -0.3737493910356744
195 193 -0.5096846606837298
195 194 0.004438471549059665
195 195 0.31770389165701585
195 196 0.7995411708348781
196 193 -0.02542921430380637
196 194 0.9764154767808881
196 195 -0.20578923107127764
196 196 0.06014120166519486
193 197 0.2274310405431812
194 198 0.13326369578140762
195 199 0.049884944957431565
196 200 0.2604080082047467
193 192 0.08179172592158077
194 192 0.19649885739649886
195 192 0.12203101477990505
196 192 0.23284802564411788
197 197 0.33694419964479416
197 198 -0.047730189151748266
197 199 -0.5129073017752226
197 200 0.7881094690174252
198 197 -0.14732516139409874
198 198 -0.14215106713694645
198 199 0.7946328949395305
198 200 0.5715303432120223
199 197 0.9190435429271937
199 198 0.14565244990371948
199 199 0.3219889930893643
199 200 -0.17454918610573272
200 197 -0.14185509983699401
200 198 0.977906062458154
200 199 0.04251764804148881
200 200 0.14754359783754223
197 201 0.28013734472859025
198 202 0.17780967308182033
199 203 0.13836727775918603
200 204 0.23506309311398987
197 196 0.0249830960648161
198 196 0.09320691258324607
199 196 0.210733457301327
200 196 0.13832835073289745
201 201 0.6822926030707129
201 202 -0.43511109802662534
201 203 -0.01369288442803523
201 204 0.5873394598399603
202 201 0.395946426721105
202 202 0.08177048726455248
202 203 0.8319563741473052
202 204 -0.3799850077239561
203 201 -0.44791611159925715
203 202 0.22493696363930998
203 203 0.5102608258534835
203 204 0.6988622245892612
204 201 0.42080207690977695
204 202 0.8679834573166191
204 203 -0.2174741042768783
204 204 0.14911520332306002
201 205 0.22542330352217144
202 206 0.15813400184493634
203 207 0.21335751996421368
204 208 0.10532242162690646
201 200 0.07596919005692149
202 200 0.13876822412406373
203 200 0.1899009046117208
204 200 0.06972575747431135
205 205 -0.0826511201160505
205 206 0.8886052037208229
205 207 -0.04232034464541188
205 208 0.449175436430946
206 205 0.8274189924191085
206 206 -0.17849768704845861
206 207 -0.22067456916069206
206 208 0.4845813876205334
207 205 0.5198342504723875
207 206 0.32269198375567637
207 207 0.6257869549785662
207 208 -0.48376949328610225
208 205 -0.19575228060873592
208 206 -0.27274392982879003
208 207 0.7469286511665562
208 208 0.5739245450793478
205 209 0.1437708008639529
206 210 0.07305266395061225
207 211 0.1702468708922499
208 212 0.12248872599110618
205 204 0.23483389665993548
206 204 0.030610879266153978
207 204 0.0884568095329413
208 204 0.26394102939509706
209 209 0.07094250330299827
209 210 0.8835369368936039
209 211 0.37670493807953903
209 212 -0.26911527640820204
210 209 0.11393703699810201
210 210 0.2506180770199005
210 211 0.07540570199924299
210 212 0.9583960095789956
211 209 -0.047905014040905795
211 210 -0.37990643831120324
211 211 0.9232152091209913
211 212 0.032401935237294024
212 209 0.9897932220696088
212 210 -0.1105629175863741
212 211 0.009002631847253384
212 212 -0.08946603500588172
209 213 0.03248866246044844
210 214 0.26787949714828
211 215 0.10283381131805888
212 216 0.08198113426095352
209 208 0.16622550300914124
210 208 0.14447954945941496
211 208 0.21171142217968975
212 208 0.07569709047446735
213 213 -0.058492329076553315
213 214 0.9222165244842303
213 215 0.3550363283968386
213 216 -0.14157872342241198
214 213 -0.35613055470241667
214 214 -0.1911615916817331
214 215 0.6812607209466908
214 216 0.6103376966632902
215 213 0.4054562298083755
215 214 0.2957906880354643
215 215 -0.3945987323605158
215 216 0.7696784750794049
216 213 0.8398541070662969
216 214 -0.1596301873250797
216 215 0.5041080003661527
216 216 -0.12263117917263998
213 217 0.26556119961984564
214 218 0.004158423109101949
215 219 0.12305211735726915
216 220 0.2920571674058311
213 212 0.0029256461883565344
214 212 0.06869741116613555
215 212 0.023126986029275654
216 212 0.23348037790400034
217 217 0.8263036744452849
217 218 0.04211006458128398
217 219 -0.17361201670609877
217 220 0.5341421605850102
218 217 0.12190843021597918
218 218 -0.5081529228525151
218 219 0.843297932244323
218 220 0.12556886202865555
219 217 -0.5434957313501443
219 218 0.08161424972683921
219 219 0.003350491459700087
219 220 0.8354282006568102
220 217 0.08350426482922334
220 218 0.8563565050251741
220 219 0.5086219021381891
220 220 -0.031374109098588086
217 221 0.2561192666536409
218 222 0.14976274369558976
219 223 0.0135517635194633
220 224 0.17876111977570486
217 216 0.11462534724439356
218 216 0.2665602425333822
219 216 0.2390500629815071
220 216 0.08484028251562474
221 221 0.4093492590441168
221 222 0.691955230723309
221 223 -0.3558990044538033
221 224 0.47641058072158377
222 221 0.18058811817308557
222 222 0.5550128651814977
222 223 0.6671261842556347
222 224 -0.46291608887383223
223 221 -0.4300635234786607
223 222 0.05612475948260269
223 223 0.5597064308010962
223 224 0.7061331945646218
224 221 0.7841342241401379
224 222 -0.45826705045278765
224 223 0.33912720950877295
224 224 0.245188834925736
221 225 0.2857666062470987
222 226 0.11899127954263626
223 227 0.10682032939234216
224 228 0.2559995783449017
221 220 0.0008586545555675729
222 220 0.13467003571304886
223 220 0.09641341367337475
224 220 0.23833975536418517
225 225 0.07759345761144992
225 226 -0.012519791154315814
225 227 0.39565387184518963
225 228 0.9150303404036734
226 225 -0.15288610697954294
226 226 0.8379854256330488
226 227 0.4892739333748858
226 228 -0.18712905396839272
227 225 0.4250965552068337
227 226 -0.42120828600276605
227 227 0.7192963246473792
227 228 -0.352830406714993
228 225 0.8887620673610137
228 226 0.3467091880216942
228 227 -0.2944177799701476
228 228 0.056682425838738414
225 229 0.2503688542243502
226 230 0.21225179638324324
227 231 0.01062788807119699
228 232 0.026341141255092924
225 224 0.16277085841389796
226 224 0.024020947250990864
227 224 0.13507004949003484
228 224 0.007766004512422885
229 229 -0.19844344481954743
229 230 0.27786363429784877
229 231 0.054043137655891714
229 232 0.9383450001013749
230 229 0.009343513761835944
230 230 0.5010095798379899
230 231 0.8431482701886671
230 232 -0.19494382303371902
231 229 0.7569960228258379
231 230 -0.47978579516895764
231 231 0.3420153479497561
231 232 0.2824678989668776
232 229 0.6224868829016378
232 230 0.6645199714075138
232 231 -0.4113463692765161
232 232 -0.04144216088703807
229 233 0.006522464233608916
230 234 0.24657305723630413
231 235 0.19977131496925032
232 236 0.24621660342137702
229 228 0.23323408621191805
230 228 0.29665728321486334
231 228 0.18386106296847637
232 228 0.29290079800069035
233 233 0.2817957279802542
233 234 -0.4945503008519252
233 235 0.8201599558236431
233 236 -0.05786894229816715
234 233 0.7403832310665662
234 234 0.3315512393453848
234 235 -0.09516977954765163
234 236 -0.5769308103272187
235 233 0.052632245568318116
235 234 0.7664659748375916
235 235 0.47441248029320376
235 236 0.4297587168222965
236 233 0.6079915176825624
236 234 -0.24088105992806938
236 235 -0.3053083006835242
236 236 0.6921773406633033
233 237 0.19307946944467383
234 238 0.13348670473752805
235 239 0.08563447926143931
236 240 0.10977545465020322
233 232 0.011165396815247796
234 232 0.12091128034315976
235 232 0.03950663239550451
236 232 0.2754211159422952
237 237 0.9055549877262793
237 238 0.213427706879032
237 239 -0.29652459139912535
237 240 -0.21561990825523894
238 237 -0.17381853263492034
238 238 0.9615075477676083
238 239 0.006558274916215119
238 240 0.21271422690710273
239 237 0.34171293168154065
239 238 0.015132420838997566
239 239 0.9218084698252351
239 240 0.1824073110366351
240 237 0.18163026795748388
240 238 -0.1724031883748942
240 239 -0.24959827860817355
240 240 0.9354080851241879
237 241 0.1696469645353925
238 242 0.011807479557255918
239 243 0.11814958631611935
240 244 0.12449213751152478
237 236 0.13816633770436262
238 236 0.19231959491531667
239 236 0.0037831009390613124
240 236 0.26994899989990595
241 241 -0.4551151619399565
241 242 0.4714192222644687
241 243 0.44157631629279603
241 244 0.6128984117626806
242 241 0.39032494625322717
242 242 -0.07461879318071585
242 243 0.8732663756641832
242 244 -0.2819296174065623
243 241 0.558763314233365
243 242 0.8027242914028531
243 243 -0.2000155291509773
243 244 -0.05840427002529483
244 241 0.5729748549209891
244 242 -0.3575327461584525
244 243 -0.0490915687474028
244 244 0.7358397712345982
241 245 0.2562557923445044
242 246 0.041549837419520404
243 247 0.24824752984015402
244 248 0.05665408883887004
241 240 0.20500674046979353
242 240 0.10308080311931382
243 240 0.15159047784627477
244 240 0.04850308339313234
245 245 0.3241110143028183
245 246 0.42150242781194686
245 247 -0.5132531687171413
245 248 0.67369053619451
246 245 0.8311780769245646
246 246 0.23190932062126138
246 247 0.05613966070559333
246 248 -0.5022045499045467
247 245 -0.30498376123339604
247 246 0.8513441338564185
247 247 0.42195112765786774
247 248 -0.06446174835085543
248 245 0.3332866037384516
248 246 -0.20920548775279307
248 247 0.7452360492930596
248 248 0.5383087724500468
245 249 0.28275100236299494
246 250 0.1613114148336873
247 251 0.2466755164326145
248 252 0.2660114993609153
245 244 0.2234762643949145
246 244 0.022557768783585553
247 244 0.23391598821889623
248 244 0.2832771324366167
249 249 0.5828910900641053
249 250 0.01875817933887983
249 251 0.3747199278064743
249 252 -0.7207434242062012
250 249 0.6664404586763285
250 250 0.4350174737958577
250 251 -0.5429395654996819
250 252 0.2680177993092474
251 249 0.4164749377580612
251 250 -0.3018384867144542
251 251 0.5808260607875477
251 252 0.6309383815138901
252 249 -0.20650355537516188
252 250 0.8481164166186677
252 251 0.47690952080006527
252 252 0.1030152146509464
249 253 0.15629524053686783
250 254 0.036247156407245275
251 255 0.2399371324584576
252 256 0.08330223313701472
249 248 0.11029320713428638
250 248 0.09610333053138169
251 248 0.055164455825827165
252 248 0.14924909954445975
253 253 0.4243120131203685
253 254 0.20935684376683203
253 255 -0.3273750429326641
253 256 0.8178964535652221
254 253 -0.42746991074023977
254 254 0.6585246005350031
254 255 0.5548290841900526
254 256 0.2752807898106478
255 253 0.6979243925607668
255 254 0.5417440400417809
255 255 0.11944810865777736
255 256 -0.4529316578535599
256 253 0.3874665575274295
256 254 -0.47856917737921106
256 255 0.7554617249998472
256 256 0.22387226563530493
253 257 0.043789413104031547
254 258 0.16043432673703603
255 259 0.1808473786522871
256 260 0.29663844673998263
253 252 0.16071645853830244
254 252 0.014278725152966753
255 252 0.2087469539871224
256 252 0.11012873718646572
257 257 0.3596634808466926
257 258 0.8557307697458708
257 259 0.03237255744206802
257 260 -0.3705658481026559
258 257 0.4930428032162309
258 258 -0.3377111047722096
258 259 0.766776069184524
258 260 -0.23433835289202182
259 257 -0.29179003537433607
259 258 0.3902461081683529
259 259 0.5634028806579788
259 260 0.6671909354764869
260 257 0.736484589111114
260 258 -0.037202613928700876
260 259 -0.30591448366640267
260 260 0.6021816538236815
257 261 0.0696024785071204
258 262 0.09984376192786215
259 263 0.09398006194935382
260 264 0.2976680417218355
257 256 0.11659158696672811
258 256 0.05051594793940643
259 256 0.13873430043023083
260 256 0.09559635691429975
261 261 -0.5153132040335454
261 262 0.4221262112877712
261 263 -0.014487024612199145
261 264 0.7456888691742684
262 261 0.6225880763461205
262 262 0.7578412393214387
262 263 0.1950268510568206
262 264 0.005026981424656932
263 261 -0.1275487323023799
263 262 -0.14768175953101567
263 263 0.9806685911589068
263 264 0.014509758932694726
264 261 0.574950180301193
264 262 -0.4750539081298043
264 263 -0.0066157236302808245
264 264 0.666117337068382
261 265 0.2589140849341128
262 266 0.28071998759886113
263 267 0.27484427498743386
264 268 0.24785353839600607
261 260 0.13750214556062482
262 260 0.21345821260870923
263 260 0.013081753932525374
264 260 0.03820997340389567
265 265 -0.4578569102060931
265 266 -0.2341087498958158
265 267 0.7291427822387252
265 268 0.4515649965485812
266 265 0.8221993661801815
266 266 -0.08006573257398689
266 267 0.554122470372431
266 268 -0.10259614295212273
267 265 0.3261742016280154
267 266 -0.3716405391657304
267 267 -0.39424693902172625
267 268 0.7746373673616133
268 265 0.0892504466194117
268 266 0.8947993525579997
268 267 0.07660575702598592
268 268 0.43069714931781977
265 269 0.09080924675653332
266 270 0.13376635262232683
267 271 0.12587645412756884
268 272 0.018784081541382135
265 264 0.27030070729670413
266 264 0.27520317326760274
267 264 0.042362589435647836
268 264 0.20345453335095906
269 269 0.3381395807994837
269 270 -0.414239658863407
269 271 0.7500316991521611
269 272 0.389255159488478
270 269 0.12940827875525884
270 270 0.27548489120475256
270 271 -0.3632064560594691
270 272 0.8805922111762219
271 269 -0.46756066193119467
271 270 0.6879854690744038
271 271 0.5492360492429921
271 272 0.0800173979137359
272 269 0.8064131377283071
272 270 0.5283839267853504
272 271 0.06223570322245162
272 272 -0.25813754949345646
269 273 0.13546576322789172
270 274 0.25987981697249823
271 275 0.26719858254028694
272 276 0.06499284481735032
269 268 0.08242718596778587
270 268 0.005951522858064995
271 268 0.18880181156714396
272 268 0.15108672615409757
273 273 0.9532985525006169
273 274 0.20409823066892968
273 275 -0.12505963782388776
273 276 0.18418976362816358
274 273 -0.03895891840817954
274 274 0.732532519392055
274 275 0.6600455629478069
274 276 -0.16192024438749367
275 273 0.1531134087934708
275 274 -0.574143159780293
275 275 0.7293904460188521
275 276 0.33897712810979563
276 273 -0.25741087102983135
276 274 0.3034792453339141
276 275 -0.1291879215588308
276 276 0.9082678415811772
273 277 0.016675504554907915
274 278 0.2698648765620028
275 279 0.1537394470206965
276 280 0.22642768349347042
273 272 0.008930606040489874
274 272 0.29158066072070393
275 272 0.00988262263187285
276 272 0.10584991774206466
277 277 0.7773437190130413
277 278 0.43955069338764935
277 279 -0.14940260202540842
277 280 -0.424512417911947
278 277 0.2995500160312476
278 278 0.2898644035747407
278 279 -0.1404178995020195
278 280 0.898070837370516
279 277 0.4103447792830003
279 278 -0.3396924997529341
279 279 0.8398759306580795
279 280 0.10408933099993271
280 277 -0.3709766738244315
280 278 0.7793476894777447
280 279 0.5025635254459907
280 280 -0.049227931859450666
277 281 0.09104953932661453
278 282 0.27389115931127983
279 283 0.007284317403929896
280 284 0.06771773022269409
277 276 0.051315958685170755
278 276 0.045197609496999136
279 276 0.08612490851885235
280 276 0.26510422632737013
281 281 -0.4088653786861955
281 282 -0.04159523393778526
281 283 0.3960815960162822
281 284 0.821107975800168
282 281 0.2173320391760098
282 282 0.9586998266271466
282 283 0.16685303418859823
282 284 0.07629870349314478
283 281 0.4724506109734421
283 282 -0.23746648666374343
283 283 0.8300650818378602
283 284 -0.1771780116603238
284 281 0.7499242008698026
284 282 -0.1509110554277526
284 283 -0.35534686461647486
284 284 0.5371853982627506
281 285 0.22628554743070278
282 286 0.09638308748124777
283 287 0.11015803432410427
284 288 0.24943497926168634
281 280 0.17949297992844296
282 280 0.010643829675299444
283 280 0.2822803325076888
284 280 0.0093147113792166
285 285 -0.3158641804677257
285 286 0.3955601280534218
285 287 0.2075486736658564
285 288 0.8370696223441367
286 285 0.5850698605884121
286 286 0.5477545814590302
286 287 -0.5882521024001023
286 288 0.10778516012679108
287 285 0.7467720350834249
287 286 -0.2764384468065443
287 287 0.5365182681591879
287 288 0.2793948114693805
288 285 0.015956357537568893
288 286 0.6834317001077636
288 287 0.5683583024931282
288 288 -0.457859526415117
285 289 0.04010307340053658
286 290 0.0911421664224404
287 291 0.09514617637433749
288 292 0.05156635647478764
285 284 0.28528439085010243
286 284 0.2244958820391755
287 284 0.11027561648643817
288 284 0.10779243765740705
289 289 0.39339315689161064
289 290 0.1670765908269726
289 291 -0.49746984302115216
289 292 0.7548847542459701
290 289 -0.12086630381782298
290 290 0.9683036108743213
290 291 0.2184612145757937
290 292 -0.0073587699541416045
291 289 -0.1529397579387825
291 290 -0.18386807821657528
291 291 0.7510860734620222
291 292 0.6153630396001794
292 289 0.8984668002513484
292 290 0.025808133956781568
292 291 0.37505754660049334
292 292 -0.22676680931254356
289 293 0.003085780236081037
290 294 0.2803912838607071
291 295 0.03799579533934256
292 296 0.17069858046909517
289 288 0.15191883467005052
290 288 0.07976069040155587
291 288 0.029046554854948958
292 288 0.05903764888291374
293 293 -0.0001873129996377175
293 294 0.7989446835962124
293 295 -0.16510789627944947
293 296 0.5782964119319467
294 293 0.15078730040130645
294 294 0.5399242079762269
294 295 0.5949271411862979
294 296 -0.5760266802491261
295 293 -0.10496380659527776
295 294 -0.24166517987755637
295 295 0.7866052538932816
295 296 0.5584198372974075
296 293 0.9829780029362588
296 294 -0.10847664739168646
296 295 -0.0072975210557642955
296 296 0.148100671506057
293 297 0.0644768618359121
294 298 0.15333492158958265
295 299 0.17440883824952041
296 300 0.00950947809123741
293 292 0.010326045684446793
294 292 0.047837161772838095
295 292 0.088960878079375
296 292 0.12737558748255878
297 297 -0.6738678843474616
297 298 0.5265124086710491
297 299 0.0063771262038651005
297 300 0.5183108046547612
298 297 0.24361839388212492
298 298 0.6745423917491877
298 299 0.5869321909172889
298 300 -0.37570366402340294
299 297 0.22216956047860023
299 298 -0.3296981354952211
299 299 0.6806146520868515
299 300 0.6153889186623479
300 297 0.6612055951095059
300 298 0.3988438099051674
300 299 -0.4384445585146483
300 300 0.4598881879382308
297 301 0.23491409321388812
298 302 0.11949341948515185
299 303 0.23083028463034558
300 304 0.29778588079760787
297 296 0.11500191034511681
298 296 0.23576535246346786
299 296 0.17233349371586582
300 296 0.2622332210880079
301 301 0.37026450267134187
301 302 -0.33135712453364485
301 303 0.5612573401570938
301 304 0.6618888518491017
302 301 0.9057174594305796
302 302 -0.01833218194542127
302 303 -0.37395363198446113
302 304 -0.19874228516691064
303 301 0.08602882671115222
303 302 0.880363762348343
303 303 -0.07909625796890263
303 304 0.4596764828592919
304 301 0.18756098399950424
304 302 0.33885990183228243
304 303 0.734093087571822
304 304 -0.5577653476065212
301 305 0.2768600972243126
302 306 0.20264331543139702
303 307 0.24261364041635708
304 308 0.27967884672211196
301 300 0.2504478912116967
302 300 0.28134310008124275
303 300 0.14497776473431015
304 300 0.2556734753709651
305 305 0.535396460916216
305 306 0.7410187291191007
305 307 -0.40337870236735174
305 308 0.03908318320627433
306 305 -0.551884089426509
306 306 0.20817532559085675
306 307 -0.2765722575684853
306 308 0.7586796240815256
307 305 -0.07232937697122922
307 306 0.5086627353050749
307 307 0.8498225658718068
307 308 0.11761075407449861
308 305 0.6352503779638525
308 306 -0.3857674151892735
308 307 0.19645614104670212
308 308 0.6395666058511872
305 309 0.14346261463014198
306 310 0.22406928266009782
307 311 0.19631314048850015
308 312 0.26820346555841845
305 304 0.2805810869959259
306 304 0.025604093796490177
307 304 0.025441434358311654
308 304 0.26457828338067635
309 309 -0.48455612227983613
309 310 0.8040672917681624
309 311 -0.2611809913344884
309 312 0.22464559740906528
310 309 0.12841136382182927
310 310 0.17132353406865258
310 311 0.7869398842085761
310 312 0.578691962063962
311 309 0.8292349103277021
311 310 0.5154001194441327
311 311 -0.11119129244900838
311 312 -0.18538790913730538
312 309 0.247154505312679
312 310 -0.24184034787399417
312 311 -0.5478563725018133
312 312 0.7617619652837658
309 313 0.055271546292213515
310 314 0.15825679300785425
311 315 0.1066488822740661
312 316 0.15045249310168438
309 308 0.10281641118227673
310 308 0.024388059504433613
311 308 0.008296006376926979
312 308 0.27332579907703564
313 313 -0.17306624478808372
313 314 0.28196505597585503
313 315 0.9035872471645473
313 316 0.2721651500193952
314 313 -0.27200517957575365
314 314 0.13653680991392275
314 315 -0.360303675640135
314 316 0.8817891715952854
315 313 0.5023214954331047
315 314 0.8494085753198736
315 315 -0.1566275527333429
315 316 -0.04057089010209001
316 313 0.8023305879902387
316 314 -0.42468633003679895
316 315 0.17081907916438455
316 316 0.3830508985089901
313 317 0.1964448724306333
314 318 0.04514770613604304
315 319 0.15836161157118636
316 320 0.1388912138357983
313 312 0.1190383719021568
314 312 0.038912785662035085
315 312 0.20564402562232267
316 312 0.24988998166781595
317 317 -0.5405941974842342
317 318 0.37521997481421954
317 319 0.7460124894568018
317 320 0.10214328035293604
318 317 0.11464494529957561
318 318 0.6721403580368905
318 319 -0.3434195633265984
318 320 0.6458690882368241
319 317 0.6496070233772163
319 318 0.5061862952294289
319 319 0.2834192523979528
319 320 -0.4913854668903869
320 317 0.5221351983371991
320 318 -0.38886082872971794
320 319 0.49517865106365294
320 320 0.575291399264574
317 321 0.10543485060999204
318 322 0.2943306229532045
319 323 0.007797931446057271
320 324 0.22759067333322014
317 316 0.10397114039302975
318 316 0.12402428996117902
319 316 0.15252707124941914
320 316 0.20528936236305792
321 321 -0.2778529084468565
321 322 0.09030585978321602
321 323 -0.3459716645147426
321 324 0.8915975663433224
322 321 -0.3309445404028388
322 322 0.903841923372278
322 323 0.253516361128899
322 324 -0.0963065074240418
323 321 0.08106013264684929
323 322 -0.18051685697025371
323 323 0.8983685475025704
323 324 0.3921439430910267
324 321 0.8981663138530928
324 322 0.37726422251930625
324 323 -0.09469432322469044
324 324 0.20494380745821414
321 325 0.15835428253470873
322 326 0.2568994858543994
323 327 0.09791037377014897
324 328 0.29786553741544336
321 320 0.29607674183223176
322 320 0.07423691746221613
323 320 0.18632085382524644
324 320 0.2861258858834853
325 325 0.25483678348866545
325 326 -0.13304635847036952
325 327 -0.3137387220615878
325 328 0.904944691435939
326 325 -0.3625748227257401
326 326 0.12483616910305374
326 327 0.8286702241191386
326 328 0.4077512580819445
327 325 0.8875967186206399
327 326 -0.04973487238072347
327 327 0.4463019030448008
327 328 -0.10253350136289462
328 325 0.12557777192011937
328 326 0.9819577586896091
328 327 -0.12525288530045034
328 328 0.06558123262618547
325 329 0.03367879346300031
326 330 0.17607267242650082
327 331 0.26685045619795345
328 332 0.0731608107914605
325 324 0.05986063951535674
326 324 0.19125906720251074
327 324 0.019604517285746102
328 324 0.20357707473947376
329 329 0.044318418171212716
329 330 0.521662522851301
329 331 0.003909984472711207
329 332 0.8519910809889042
330 329 0.9655152972858471
330 330 0.1900894053113675
330 331 0.06158041911264276
330 332 -0.1668954183832043
331 329 0.1333473243394439
331 330 -0.5955772760665664
331 331 0.7084156270546501
331 332 0.35447637251219877
332 329 -0.21916792559436146
332 330 0.5805359062744657
332 331 0.7030930687669323
332 332 -0.3472803169899605
329 333 0.2760078285365004
330 334 0.23002755406551922
331 335 0.23712115674268555
332 336 0.21393725955512957
329 328 0.06321512261649949
330 328 0.27004782630687446
331 328 0.1618795233737666
332 328 0.261641269475044
333 333 0.39302057774131877
333 334 -0.49890441599881463
333 335 0.7690831832417516
333 336 0.07169565135694154
334 333 -0.4646391846832596
334 334 0.34612251511478914
334 335 0.3955377534639054
334 336 0.712642630055357
335 333 -0.10548972537569858
335 334 0.5893656184661232
335 335 0.4949343150270298
335 336 -0.6297301877938899
336 333 0.7864586266097638
336 334 0.5328618545153498
336 335 -0.08426723353822572
336 336 0.30073261543331165
333 337 0.22350295051972272
334 338 0.09662966288568628
335 339 0.059950260960577206
336 340 0.058765819773963335
333 332 0.2659954196275811
334 332 0.07079132367746356
335 332 0.11934269445958195
336 332 0.16948709480300947
337 337 0.9489004218404956
337 338 0.2866870101857424
337 339 -0.10643356367087252
337 340 0.07791305504218657
338 337 -0.2888751365425308
338 338 0.9198403924204368
338 339 0.08602149905577997
338 340 0.2510878524730886
339 337 0.12641402970359364
339 338 -0.02340425733515138
339 339 0.9859549016462678
339 340 -0.10660518632968759
340 337 0.012595158298406753
340 338 -0.2667516661638065
340 339 0.0957346862125375
340 340 0.9589159402377551
337 341 0.22850877279489892
338 342 0.1048649295731763
339 343 0.29405628914695775
340 344 0.2356611041055262
337 336 0.10423637293372671
338 336 0.2795486733260263
339 336 0.028108877889804405
340 336 0.0028491048329679857
341 341 0.5708140730486005
341 342 -0.28155105288637966
341 343 -0.17841984634283795
341 344 0.7503776762799096
342 341 0.5907365960510328
342 342 0.6692832887338125
342 343 -0.3516320153747823
342 344 -0.28186003489526534
343 341 -0.34786606906926176
343 342 0.6875240322616428
343 343 0.25642814724837576
343 344 0.5835619147543444
344 341 0.451874723884846
344 342 0.009979433997725183
344 343 0.8824771325610836
344 344 -0.13016818089628124
341 345 0.2671608763187267
342 346 0.24371104714831604
343 347 0.2115639147286659
344 348 0.03961814106398431
341 340 0.24203195530141303
342 340 0.17253223454279798
343 340 0.1347017465179476
344 340 0.1744649469590736
345 345 -0.24426306414189622
345 346 0.08225843531678007
345 347 0.9044911421339492
345 348 -0.3398012347188746
346 345 0.766492508608354
346 346 0.5501351071807478
346 347 0.03307624961661142
346 348 -0.3297674329065846
347 345 -0.266604988812412
347 346 0.7352655656478391
347 347 0.09263571266022042
347 348 0.6162182670554565
348 345 0.5307980498114307
348 346 -0.3872589077594276
348 347 0.4149944099050699
348 348 0.6293358470839716
345 349 0.14416080925202143
346 350 0.15172596144086542
347 351 0.11050492447851791
348 352 0.12689037484682292
345 344 0.20273782504713292
346 344 0.14599239606335482
347 344 0.18305708553137104
348 344 0.26046374972766234
349 349 -0.28799339238894456
349 350 0.3881581123900013
349 351 -0.41442668465358107
349 352 0.7711313823034186
350 349 0.8194269362841337
350 350 -0.221332685659483
350 351 0.1605924215846881
350 352 0.5037473697006518
351 349 -0.26606797661986165
351 350 0.24862864462549855
351 351 0.8952832773364782
351 352 0.25663102347681166
352 349 0.4180994305780843
352 350 0.8593770529379292
352 351 -0.03047048569128443
352 352 -0.2928062440176776
349 353 0.29258763605465704
350 354 0.07547437444848493
351 355 0.21859157970830193
352 356 0.16618942669540301
349 348 0.11872382766430062
350 348 0.188753388553383
351 348 0.15764951892969317
352 348 0.27980411857097787
353 353 0.5273913447229972
353 354 -0.5416155748551748
353 355 0.6400050586753283
353 356 0.13749350332127638
354 353 0.04420794835648961
354 354 0.1160985574647804
354 355 -0.14893162264118218
354 356 0.9810128205248754
355 353 0.7233803539436662
355 354 0.6812037367836434
355 355 0.004558208673428197
355 356 -0.11252357643634879
356 353 -0.443424052506983
356 354 0.4786806482623846
356 355 0.7537851944560494
356 356 0.07776777775045304
353 357 0.17885833992964437
354 358 0.06269364398906438
355 359 0.11735619104359724
356 360 0.04805697048724084
353 352 0.16198399812138303
354 352 0.03574121618122432
355 352 0.11642896418848074
356 352 0.11702746181786322
357 357 0.6176875367700205
357 358 0.7289455350902238
357 359 0.07607159038446268
357 360 -0.2851554434468859
358 357 0.7081870143606412
358 358 -0.35290748862297394
358 359 -0.12437659236002248
358 360 0.5987135545798968
359 357 0.014497660871523828
359 358 -0.05428460444490009
359 359 0.9862008585207912
359 360 0.15572689620733163
360 357 -0.341647592468028
360 358 0.584078670271491
360 359 -0.07843113579530288
360 360 0.7321049012488208
357 361 0.036850891761823656
358 362 0.2789081924764419
359 363 0.12331360048201767
360 364 0.2282360437129599
357 356 0.15695228162359562
358 356 0.07738600523070038
359 356 0.1973583679281745
360 356 0.08402185084866953
361 361 -0.32298461172233967
361 362 0.8934309663332196
361 363 -0.304496923129631
361 364 0.06887432607325379
362 361 -0.1193375538941845
362 362 -0.0775052896626385
362 363 0.12137254182172291
362 364 0.9823544087530718
363 361 0.9345872056257457
363 362 0.3273314524582202
363 363 0.0006042092714725598
363 364 0.13928571442688684
364 361 -0.08936578708757636
364 362 0.2977048180711734
364 363 0.9447486252053922
364 364 -0.10409434455314961
361 365 0.2493100483485881
362 366 0.02922448359677596
363 367 0.007841546921834763
364 368 0.21906673831469972
361 360 0.17336528627408657
362 360 0.2116079884268161
363 360 0.07056274041810447
364 360 0.17460171211639713
365 365 0.3316620980328605
365 366 0.545188218463056
365 367 -0.43337420386047365
365 368 0.6363622070847864
366 365 0.9306145692220121
366 366 -0.3193525121655313
366 367 0.12965365572201956
366 368 -0.1231276820345845
367 365 0.1464239397214145
367 366 0.7723248762298374
367 367 0.42604021732807995
367 368 -0.4478437770607833
368 365 -0.05016778006479621
368 366 -0.06555962918755841
368 367 0.7834963064400875
368 368 0.6158885180443788
365 369 0.2939468424855623
366 370 0.10505772214638842
367 371 0.04797694446919926
368 372 0.2158142444857423
365 364 0.21114832148034332
366 364 0.22829276611502258
367 364 0.29573188875454287
368 364 0.27961169991849927
369 369 0.25055617119200707
369 370 0.9255615268571418
369 371 -0.2832738015349454
369 372 -0.017703627973371612
370 369 -0.21780893768674342
370 370 0.23121632977451315
370 371 0.5129790965114873
370 372 0.797465185479363
371 369 -0.1754654649967045
371 370 0.26164530895867816
371 371 0.7370608571674447
371 372 -0.5979087687306487
372 369 0.9268186135025906
372 370 -0.14634411893683708
372 371 0.3366744610715091
372 372 0.07899977075881509
369 373 0.2617973437226614
370 374 0.01990265908772082
371 375 0.005980450437606422
372 376 0.13664972860901783
369 368 0.286103360170467
370 368 0.22366484110696477
371 368 0.12952289445184978
372 368 0.10554207732386642
373 373 -0.3251710405594092
373 374 0.41971306262213576
373 375 0.14617240532533346
373 376 0.8347085523506182
374 373 0.08310821794860748
374 374 0.8694308055894231
374 375 0.20667019842876183
374 376 -0.4409881262380532
375 373 0.6580690553388472
375 374 0.22762481065606463
375 375 -0.6693222030966821
375 376 0.2591135898038376
376 373 0.6740192407464007
376 374 -0.12695654740998558
376 375 0.698519037281466
376 376 0.20408638545663685
373 377 0.2240055992362515
374 378 0.2549332056676025
375 379 0.25125031362141176
376 380 0.2922130161615274
373 372 0.28787260369178175
374 372 0.14444238454795397
375 372 0.006880440025395162
376 372 0.014968564969326924
377 377 0.9133198441894398
377 378 0.25764083779038716
377 379 0.016234754268634723
377 380 -0.314967448582043
378 377 -0.18490657693068435
378 378 0.9449471614610732
378 379 -0.1422609076595159
378 380 0.22944771519090693
379 377 0.3619985786103523
379 378 -0.17430187791443885
379 379 -0.1802090313822495
379 380 0.8978310472732915
380 377 0.02476790466791779
380 378 0.1015623754390727
380 379 0.9731510529789293
380 380 0.2050577062183586
377 381 0.12428969248275429
378 382 0.05844792454307297
379 383 0.1562702190729978
380 384 0.26879381110196027
377 376 0.09331376393110444
378 376 0.21141862435787448
379 376 0.29596739925689625
380 376 0.2542856488107092
381 381 0.17036076135916337
381 382 0.9611671773550114
381 383 -0.2007899327152711
381 384 -0.08257282291845797
382 381 -0.028228562817706707
382 382 0.222344859291301
382 383 0.9487170990833496
382 384 0.2229389550860319
383 381 0.9843301144320968
383 382 -0.15852983350009286
383 383 0.053316245608366564
383 384 0.055856026234930675
384 381 -0.03570133124225252
384 382 0.03985865793731945
384 383 -0.23827850675480305
384 384 0.9697216381795696
381 385 0.19933899816939488
382 386 0.2321693279490272
383 387 0.07673425227399706
384 388 0.20027645707426167
381 380 0.10982380817497618
382 380 0.24674246208823608
383 380 0.13778506868814422
384 380 0.24238792610230522
385 385 0.6916269274289338
385 386 -0.6071624183377164
385 387 0.34068157122920295
385 388 0.19220316864794562
386 385 0.5092979795330558
386 386 0.5195983773491215
386 387 -0.4157702952686069
386 388 0.5456813684486239
387 385 0.47498964675164534
387 386 0.4752995757716277
387 387 0.2715172673077675
387 388 -0.689023600687074
388 385 -0.19144867922633163
388 386 0.36805113406396006
388 387 0.7983417201617233
388 388 0.4365045976687375
385 389 0.04244449768196239
386 390 0.0468080323692585
387 391 0.2657895654096469
388 392 0.11216884525341461
385 384 0.2256594738258448
386 384 0.1243066794305718
387 384 0.08700847458254173
388 384 0.12494946076163713
389 389 0.3380672448892106
389 390 -0.19567378680427763
389 391 0.030754750646047328
389 392 0.9200415492810051
390 389 -0.2547711491001616
390 390 0.08305438308393999
390 391 0.9601685747723102
390 392 0.07918294675269491
391 389 -0.2935017423616344
391 390 0.8887214490738323
391 391 -0.1797287507863399
391 392 0.30286711496558166
392 389 0.8571224689330496
392 390 0.4061870561260275
392 391 0.21172630793831954
392 392 -0.23563768631649987
389 393 0.2777067653849723
390 394 0.10364439558279386
391 395 0.06931775795176183
392 396 0.154855962298904
389 388 0.24072257275849962
390 388 0.14308767838990813
391 388 0.2215676249234616
392 388 0.1131589008679271
393 393 0.14568374646960303
393 394 0.9810846234689556
393 395 -0.07478578502159242
393 396 0.10322932706388185
394 393 0.01745005375290025
394 394 -0.09070450160290744
394 395 0.19256309093661586
394 396 0.9769276559817136
395 393 0.9673085572294335
395 394 -0.15937976253186695
395 395 -0.19714520681413988
395 396 0.006783349925203012
396 393 0.20684752052976843
396 394 0.06199795381326259
396 395 0.9583633495693845
396 396 -0.18684230563714554
393 397 0.1649908521647206
394 398 0.10028141329914446
395 399 0.19372078612607602
396 400 0.14868261519743894
393 392 0.10891331448813814
394 392 0.19847633991946953
395 392 0.12871642473200687
396 392 0.2834930217338219
397 397 -0.3375605699740271
397 398 0.7515215731197348
397 399 0.25884662324911595
397 400 0.5042485620871714
398 397 -0.29966454819982347
398 398 -0.6235557920145199
398 399 0.5789120217271237
398 400 0.4315555629315362
399 397 0.3053347660831326
399 398 0.21538778471379452
399 399 0.7726412036121852
399 400 -0.5132293379160594
400 397 0.8384656825249108
400 398 0.001265534222837617
400 399 0.029746717685456517
400 400 0.5441404510217086
397 401 0.24773018696946114
398 402 0.29828871758071696
399 403 0.13851777099578313
400 404 0.1462742687805717
397 396 0.27830719510182994
398 396 0.2752829950229988
399 396 0.07481953327709236
400 396 0.299262625903597
401 401 0.4021735742280938
401 402 -0.6917123168478146
401 403 0.4885430811646333
401 404 0.3480174489300733
402 401 -0.48490294545468815
402 402 0.38978773055593613
402 403 0.6968062432450715
402 404 0.3569253675099468
403 401 0.6321985395204432
403 402 0.5406682278878486
403 403 -0.13786872319250937
403 404 0.5375826347140497
404 401 0.4510549371309292
404 402 0.277988242883931
404 403 0.5067335911365306
404 404 -0.6800684142952047
401 405 0.14226534677214242
402 406 0.04543092002083344
403 407 0.2961818077630692
404 408 0.20751222267343117
401 400 0.007309249809376239
402 400 0.01381811588316366
403 400 0.20991560410764773
404 400 0.02662266658118666
405 405 0.584173508733605
405 406 0.22610815744830287
405 407 -0.3036805114222331
405 408 0.7179098549341224
406 405 -0.20998987136449246
406 406 -0.04573269024488722
406 407 0.8191571046038173
406 408 0.5317841789150739
407 405 0.007050546489550431
407 406 0.954432723964933
407 407 0.19924766972550267
407 408 -0.22205591937175076
408 405 0.7839616415440176
408 406 -0.18931930066207334
408 407 0.4439145763188887
408 408 -0.39051529536761265
405 409 0.08919128453491827
406 410 0.17595858571959455
407 411 0.17996804419254703
408 412 0.184548669150747
405 404 0.05477414156880347
406 404 0.29969543900192946
407 404 0.11062452788999934
408 404 0.1246546859101814
409 409 -0.40980928273161504
409 410 0.020014060817555225
409 411 -0.0855327668842113
409 412 0.9079316796685323
410 409 -0.10083949950460434
410 410 -0.06555874681669319
410 411 0.9915136760970329
410 412 0.04933635746621777
411 409 0.8957920969482654
411 410 0.1551838514362138
411 411 0.0810365532942865
411 412 0.40854322700129964
412 409 -0.13944269852412228
412 410 0.9855046729157805
412 411 0.05493498823029071
412 412 -0.07948849324027654
409 413 0.22890014442094084
410 414 0.054288562565150196
411 415 0.16930792028964034
412 416 0.18415009680156685
409 408 0.06264829805139897
410 408 0.2070707430455731
411 408 0.043272264609896104
412 408 0.11920970767698
413 413 0.7863439420283851
413 414 -0.1612068747865803
413 415 0.5891482105357784
413 416 -0.09262793519934359
414 413 -0.41829399516870713
414 414 0.41401840321961586
414 415 0.7271481529134428
414 416 0.3533758043724121
415 413 0.14401590664388697
415 414 -0.3658765170589889
415 415 -0.14970301839128952
415 416 0.9071839941174332
416 413 0.4312223986234954
416 414 0.8177624835988788
416 415 -0.31898112173229853
416 416 0.20871705086551304
413 417 0.28103008252155015
414 418 0.022518925775223454
415 419 0.07673618114450838
416 420 0.2852384151600967
413 412 0.09373277919072562
414 412 0.05585562265173938
415 412 0.13948894934361414
416 412 0.13074165157561798
417 417 0.6798235732910589
417 418 0.669315753230752
417 419 -0.28289670703571057
417 420 -0.09912509683868345
418 417 0.16397386967173155
418 418 0.20650893760889683
418 419 0.9469689190794117
418 420 -0.18362051914231545
419 417 -0.26495960608212027
419 418 0.44297165581293
419 419 0.11388054201322749
419 420 0.8488838209330717
420 417 0.6638892124499846
420 418 -0.5595950261672696
420 419 0.10124495837667931
420 420 0.4856479987446631
417 421 0.039923930722764074
418 422 0.0481553707355671
419 423 0.13537108926701494
420 424 0.23089441628096447
417 416 0.23729362135000784
418 416 0.19580059129935803
419 416 0.09928852267040467
420 416 0.23731854875473973
421 421 0.2905718419742652
421 422 0.3171059315071543
421 423 0.780952331650969
421 424 -0.4529075938241465
422 421 0.001849594875274384
422 422 0.9217838304109868
422 423 -0.17407243181847026
422 424 0.3464245047228205
423 421 -0.505257670855316
423 422 -0.11834852974498006
423 423 0.5930683105096132
423 424 0.615612126763546
424 421 0.812575700899517
424 422 -0.18908205547600687
424 423 0.08990118597100065
424 424 0.5439544864835977
421 425 0.026479909492397202
422 426 0.15574001398609685
423 427 0.09894049629895682
424 428 0.11230852814646404
421 420 0.10105621655014937
422 420 0.18846010256666232
423 420 0.19663298142379285
424 420 0.06626301005860433
425 425 -0.13750803114994625
425 426 0.22621237577793707
425 427 0.8343483377494024
425 428 -0.4835104483969046
426 425 0.4075473323710148
426 426 -0.6676138600186201
426 427 0.4790434357683335
426 428 0.3983896239055146
427 425 0.8084821762448997
427 426 0.5787548542503171
427 427 0.034820202451645854
427 428 0.10093038629288693
428 425 -0.40168804306432376
428 426 0.41007622905702873
428 427 0.27049545549473775
428 428 0.7728624786973526
425 429 0.047962843058238544
426 430 0.22382759226538604
427 431 0.014185128883653818
428 432 0.08963751037747744
425 424 0.05345066344620062
426 424 0.02491033141929866
427 424 0.17755164589574937
428 424 0.17016003724393206
429 429 -0.3761114413919458
429 430 0.8192367010752475
429 431 0.38725910101784483
429 432 -0.19344715026143355
430 429 0.9257313715494775
430 430 0.314512534806463
430 431 0.17835916380806535
430 432 -0.11086614390527537
431 429 0.001284205605529518
431 430 -0.1992779491926148
431 431 0.7423552349516553
431 432 0.63968379291758
432 429 0.03949635678338256
432 430 0.4361437744901844
432 431 -0.516843402303262
432 432 0.7355892490173329
429 433 0.2744761075112763
430 434 0.18546764573596683
431 435 0.05332247298975803
432 436 0.07069801237603332
429 428 0.1799772583094854
430 428 0.2822451756841908
431 428 0.24727768111110682
432 428 0.14638317100531087
433 433 0.6732229128495436
433 434 0.6873397128903191
433 435 0.27227012311773413
433 436 -0.01428316336399988
434 433 -0.5123668524351044
434 434 0.4273581499841461
434 435 0.22528307244470494
434 436 0.7099948995857266
435 433 0.49923035202669724
435 434 -0.557515401119763
435 435 0.20609684320268307
435 436 0.6304520000376383
436 433 -0.1871367782009197
436 434 -0.18467730840645005
436 435 0.9124914293017858
436 436 -0.31342225424355663
433 437 0.2763588326967429
434 438 0.17633204026922725
435 439 0.21793170063400286
436 440 0.07122825378006903
433 432 0.08618936048898289
434 432 0.08576785122925941
435 432 0.26079977553383893
436 432 0.2429842462069224
437 437 -0.1230466645428247
437 438 -0.2182120753377858
437 439 0.7255407167298409
437 440 0.6409630854337959
438 437 0.033223915179751054
438 438 0.8747566087323012
438 439 -0.14003410518081108
438 440 0.4626959004848678
439 437 0.9753916946030765
439 438 -0.13324538571723524
439 439 -0.027872625334349595
439 440 0.17343536560164263
440 437 0.17990756488917758
440 438 0.4116187955390351
440 439 0.6732044522359677
440 440 -0.5873661555999892
437 441 0.047203448964268445
438 442 0.06708763094784288
439 443 0.23295802839495108
440 444 0.16189607845644913
437 436 0.2810467661726125
438 436 0.2897091636600163
439 436 0.18031199708937007
440 436 0.15739958351210706
441 441 0.4636865761409785
441 442 -0.6190425954242298
441 443 0.2545268607757938
441 444 0.5805145142894446
442 441 0.4135848764000744
442 442 0.636628947766029
442 443 -0.39132907495537544
442 444 0.5201083425345372
443 441 0.7184897577821512
443 442 0.21085423360147806
443 443 0.40339426780816023
443 444 -0.5259144653211174
444 441 -0.31259362930478496
444 442 0.40869345491344167
444 443 0.7869883715390642
444 444 0.34044703830591516
441 445 0.11024268132820737
442 446 0.1786866478354501
443 447 0.1978159355215797
444 448 0.03131975227024144
441 440 0.04837255710404085
442 440 0.11040489034093304
443 440 0.1655279967334022
444 440 0.15999687903120988
445 445 0.033259155139963324
445 446 0.2733445494293205
445 447 0.9574668059534088
445 448 0.08622007535391821
446 445 0.03323951166834948
446 446 0.9458262184559443
446 447 -0.2848779188459078
446 448 0.15215935955241822
447 445 0.9925681427323051
447 446 -0.059468832574303555
447 447 -0.026752934009484933
447 448 0.10274346941327324
448 445 -0.11223834236288485
448 446 -0.16479981714449635
448 447 -0.03723126875740515
448 448 0.979212646670521
445 449 0.26388567270752694
446 450 0.0061539822971745425
447 451 0.11471454864776247
448 452 0.10117252601853285
445 444 0.026498336872376727
446 444 0.17221122758522128
447 444 0.022868000730389148
448 444 0.08368596999898201
449 449 0.4826552981942144
449 450 0.5892216022132118
449 451 -0.36921336139205224
449 452 0.5324878030339592
450 449 0.14840963277728947
450 450 -0.42635358683026864
450 451 0.5390839600988542
450 452 0.7110454864915551
451 449 0.6556091520665761
451 450 0.2195685579264201
451 451 0.5732116518412732
451 452 -0.4397666316241565
452 449 -0.5614223755342405
452 450 0.6502539279791956
452 451 0.494467774407108
452 452 0.13219820524499937
449 453 0.024345770982757652
450 454 0.22729057723080104
451 455 0.16516083211991736
452 456 0.1286281371700929
449 448 0.027826272280440833
450 448 0.21122564730266807
451 448 0.011662757619387553
452 448 0.09189064862532845
453 453 0.5584663072586102
453 454 -0.5100098721995031
453 455 0.6311836230664927
453 456 0.17208296803761003
454 453 0.025040479408392144
454 454 0.798305359328822
454 455 0.587822444023339
454 456 0.12863242966028007
455 453 -0.2808399734679737
455 454 -0.08553083343320257
455 455 -0.08032592364151075
455 456 0.9525550544854967
456 453 0.780139261510685
456 454 0.30867938068187833
456 455 -0.499619609569343
456 456 0.21559225015104821
453 457 0.08774404999978347
454 458 0.19078785057563308
455 459 0.29489362209703046
456 460 0.21939153273119544
453 452 0.21286419012019775
454 452 0.005768360695592545
455 452 0.2453861120499134
456 452 0.16481407973703058
457 457 0.2366516604858464
457 458 0.8494939200209012
457 459 0.4052338084556197
457 460 -0.2411257595558147
458 457 -0.4826028376523688
458 458 -0.0450155875682723
458 459 0.6934275969428558
458 460 0.5331287515824117
459 457 0.7116024954276456
459 458 -0.46676973779194075
459 459 0.520180240049864
459 460 -0.0718360511474297
460 457 0.45245152356945434
460 458 0.24178438453516637
460 459 -0.2904414676733947
460 460 0.8077571937595815
457 461 0.25330136884772153
458 462 0.12913136319290525
459 463 0.2785833318978445
460 464 0.0008324908812175957
457 456 0.23302052478224283
458 456 0.019131898035027437
459 456 0.11113949035321403
460 456 0.18078714906751606
461 461 0.36878161305600454
461 462 -0.2809764076531147
461 463 0.8477714555120776
461 464 0.2575576429327936
462 461 -0.12261503130817648
462 462 0.19542808378456572
462 463 -0.17280237102692514
462 464 0.9575556165221213
463 461 0.9205120284246145
463 462 0.09769544207687456
463 463 -0.377121443151765
463 464 0.029876801002384712
464 461 0.040289967668246295
464 462 0.9345136291184029
464 463 0.33045773845007365
464 464 -0.12593124551002888
461 465 0.2011453730910727
462 466 0.010082348415707054
463 467 0.20214170433298564
464 468 0.18604739654541363
461 460 0.2708017289302865
462 460 0.06114037208235665
463 460 0.1664744720036914
464 460 0.12990267351806253
465 465 0.45358561269196207
465 466 -0.014108677890091912
465 467 0.6968608351037454
465 468 -0.5553791620735884
466 465 0.19134000532397064
466 466 0.9458998170812007
466 467 0.09057138149218884
466 468 0.24588485773420587
467 465 0.854014413502459
467 466 -0.1475733218580163
467 467 -0.4917135145864726
467 468 0.08425743752844875
468 465 0.16825122838045584
468 466 -0.28861149653077733
468 467 0.5141980366805439
468 468 0.789933736013729
465 469 0.20471085758532764
466 470 0.24181446284195798
467 471 0.06611624285181887
468 472 0.28906507497071426
465 464 0.10396481484915451
466 464 0.07720746504607279
467 464 0.13726929746661193
468 464 0.16526929655763747
469 469 0.24832339265755898
469 470 -0.4923892070453394
469 471 0.5223016490369417
469 472 0.6504531872914404
470 469 0.7449104523035901
470 470 0.18022239208012528
470 471 -0.5649593569061562
470 472 0.30569467199472217
471 469 0.3764386520514785
471 470 0.6641685452698147
471 471 0.6291422183501695
471 472 -0.1461306052997557
472 469 -0.4916684370076718
472 470 0.5328723127094874
472 471 -0.11046257984902408
472 472 0.6797847194893203
469 473 0.2650142526870923
470 474 0.009095211887266363
471 475 0.0784189645036449
472 476 0.2633729269564258
469 468 0.1086525667450029
470 468 0.11864738124568532
471 468 0.11870712416794382
472 468 0.2513029861670787
473 473 0.29316053456845403
473 474 -0.43670954369523546
473 475 0.5986408289539551
473 476 0.6041281596866335
474 473 0.826539717934452
474 474 0.5628146607130056
474 475 0.00814761863242484
474 476 -0.002317039913516939
475 473 -0.27280111276605884
475 474 0.4091752243080825
475 475 -0.3654664227415883
475 476 0.7903097383523104
476 473 -0.3955610553656338
476 474 0.570175471187979
476 475 0.712739130445641
476 476 -0.10214849712640542
473 477 0.005820624095924765
474 478 0.14794457332023414
475 479 0.21809465230487415
476 480 0.022047642264964695
473 472 0.15070469796379996
474 472 0.041790673325225965
475 472 0.20340544022161303
476 472 0.12046641894725318
477 477 0.9575642360497444
477 478 0.08087638147601646
477 479 -0.2721768699352908
477 480 -0.04949238557639097
478 477 0.1536411431989224
478 478 -0.34265761843577003
478 479 0.27794230575250384
478 480 0.8841539630163042
479 477 0.20762275657382337
479 478 0.40141498717199126
479 479 0.878203452822907
479 480 -0.15658063250708978
480 477 -0.12789809970317595
480 478 0.8455239650778575
480 479 -0.27825621573494685
480 480 0.43738401774207625
477 481 0.18788549695107415
478 482 0.06873892563153843
479 483 0.17331160247344082
480 484 0.14560569499327358
477 476 0.2537507577464393
478 476 0.04395851592659112
479 476 0.03293409779635568
480 476 0.02072745981311801
481 481 0.8277762609465221
481 482 -0.2632703256253184
481 483 -0.19603626027743137
481 484 0.45502195783827093
482 481 0.003619405409015374
482 482 0.042452176984484793
482 483 0.9109008931002468
482 484 0.4104196334520765
483 481 0.5556518146216709
483 482 0.5064686216220188
483 483 0.24922710324536076
483 484 -0.6104313616024842
484 481 -0.07761715419625163
484 482 0.8199854167158765
484 483 -0.26403635850681517
484 484 0.5018807578840089
481 485 0.053824494089601924
482 486 0.28518043284785777
483 487 0.22265132458461565
484 488 0.08092053779853171
481 480 0.21262034286886772
482 480 0.05792636797224373
483 480 0.18525848719335203
484 480 0.07619426008272638
485 485 0.853644917034394
485 486 -0.18965546567775682
485 487 0.4850089686962535
485 488 -0.009352018182869043
486 485 0.17121985864055198
486 486 0.056993860942474495
486 487 -0.26078380590638767
486 488 0.948381392900008
487 485 0.27450930397470225
487 486 0.9444180013830168
487 487 -0.11652019993437085
487 488 -0.1383557866599257
488 485 -0.4081896099360892
488 486 0.2624064458376188
488 487 0.8265477299396754
488 488 0.2852068541509151
485 489 0.2627932742513152
486 490 0.014993759163054586
487 491 0.0772532917551971
488 492 0.20502489291777987
485 484 0.037708281619162155
486 484 0.13088618622765544
487 484 0.21790633115188227
488 484 0.29344916832055296
489 489 0.959463472871358
489 490 -0.07561958111506818
489 491 -0.20686089561006857
489 492 0.17584110169415856
490 489 0.2750687363179988
490 490 0.4183479351661409
490 491 0.7371580366106225
490 492 -0.45378433699613063
491 489 -0.05198269657215434
491 490 0.8964562517017485
491 491 -0.2807326359533359
491 492 0.33889994858753003
492 489 -0.03263179098884853
492 490 -0.1250314875503734
492 491 0.5787882048197465
492 492 0.805174830269387
489 493 0.2024679029460035
490 494 0.16904207434486856
491 495 0.2727020990260301
492 496 0.1679413258682007
489 488 0.23989460479719482
490 488 0.299011538978302
491 488 0.05801687390285652
492 488 0.04079293179419006
493 493 0.5054334038341536
493 494 0.36894566653945376
493 495 0.758010102599477
493 496 -0.18394796489091675
494 493 0.01318822318853488
494 494 -0.049390655527455904
494 495 0.24989151351233244
494 496 0.9669234020284195
495 493 -0.3035633901422835
495 494 0.920855490755384
495 495 -0.21960224041570658
495 496 0.10793187349150836
496 493 0.8075966897053721
496 494 0.11603802581045236
496 495 -0.561025642761584
496 496 0.1399035078434052
493 497 0.24580412934655313
494 498 0.2903272216485208
495 499 0.2808359954296798
496 500 0.220640868475561
493 492 0.04535736852945433
494 492 0.07639707191524765
495 492 0.07713538875178783
496 492 0.17219066808900266
497 497 0.6171247062036156
497 498 0.2052345114392484
497 499 0.7593236818158589
497 500 -0.02152762274384161
498 497 -0.052076142702370425
498 498 0.8729720982910655
498 499 -0.18087049389201618
498 500 0.4499929503956628
499 497 0.5963496289483291
499 498 -0.3583971037815476
499 499 -0.3703530409779783
499 500 0.6154325804607295
500 497 -0.5106978484461562
500 498 -0.2595188373135664
500 499 0.5035395075971988
500 500 0.6467500637500175
497 501 0.26580607757096386
498 502 0.13777259167595732
499 503 0.15804692332633555
500 504 0.28287187691784144
497 496 0.07038083808655846
498 496 0.20346729250474177
499 496 0.05752233542057658
500 496 0.08123944877893619
501 501 -0.21478297247123285
501 502 -0.2639820936156173
501 503 0.9128123557098987
501 504 0.2257328780884197
502 501 0.9452526716505869
502 502 -0.29836719059768657
502 503 0.12748266162974187
502 504 0.034965372814661694
503 501 -0.03216631718193182
503 502 -0.10740144958914152
503 503 -0.2747815138772078
503 504 0.954947839568451
504 501 0.24357953426509488
504 502 0.9109091076783179
504 503 0.27389212087698156
504 504 0.18946428200955964
501 505 0.009090911431675263
502 506 0.2950733000897581
503 507 0.1956689215113557
504 508 0.004317416076647906
501 500 0.2871244870346203
502 500 0.27135866012387655
503 500 0.09875681643216243
504 500 0.01887479282813089
505 505 -0.034852959909145914
505 506 -0.20779797104381045
505 507 0.3508420806187227
505 508 0.9124226591239241
506 505 -0.18967179753110772
506 506 0.9498674273001021
506 507 -0.0736295397505496
506 508 0.23739244017391373
507 505 0.8584369041696466
507 506 0.22845315036829167
507 507 0.45063357789498315
507 508 -0.08845687152506304
508 505 -0.4752851375401111
508 506 0.048795818172904744
508 507 0.8175682869441635
508 508 -0.32141111111083287
505 509 0.09174055448024228
506 510 0.18402194660231752
507 511 0.08747675620249741
508 512 0.2584966689030959
505 504 0.08221308094457333
506 504 0.04846605573510643
507 504 0.16397198313954944
508 504 0.10495364069648631
509 509 0.6850547363470552
509 510 -0.04812544748273521
509 511 0.6498894561475616
509 512 -0.32561886355258995
510 509 0.12116095093027059
510 510 0.9912789757406566
510 511 -0.05152836442863683
510 512 0.005553726995168739
511 509 0.6498106300530297
511 510 -0.10191294830062628
511 511 -0.3613967706933959
511 512 0.6608723554296572
512 509 -0.30621263404409677
512 510 0.06829117459683236
512 511 0.6666190040644817
512 512 0.6761577047139518
509 513 0.2510281135056708
510 514 0.1344515533283054
511 515 0.0788721437301128
512 516 0.1300328788089203
509 508 0.03062515179309575
510 508 0.127705779951986
511 508 0.2918684043909688
512 508 0.06817943658070066
513 513 0.4049612747730184
513 514 0.5631614086701237
513 515 -0.42234734251329153
513 516 0.5835051979124565
514 513 -0.6507343964863077
514 514 0.5576935157844154
514 515 0.4546769289394764
514 516 0.2424697465082726
515 513 0.5472704779805406
515 514 0.4785686590396559
515 515 0.46545370737687525
515 516 -0.5047968985691763
516 513 0.3362233410915494
516 514 -0.37788782571245333
516 515 0.6310661287466232
516 516 0.5881413071977689
513 517 0.17062546684088564
514 518 0.2771577824293337
515 519 0.07445618688951543
516 520 0.19431169402431572
513 512 0.1616354084062224
514 512 0.14117256522490632
515 512 0.1787954162984044
516 512 0.04353697135209926
517 517 0.9543631559391481
517 518 -0.19351634380815144
517 519 0.22580697874314257
517 520 -0.027451768902721184
518 517 -0.08134146867072804
518 518 0.2978222753198173
518 519 0.6798846154179274
518 520 0.6651634141440981
519 517 0.2400981519878085
519 518 0.2845698101604498
519 519 -0.6962863863401436
519 520 0.6136433563191811
520 517 0.15788416472970676
520 518 0.890434354766087
520 519 0.04419712961601812
520 520 -0.42455372347161185
517 521 0.12917821529982484
518 522 0.10430152272418444
519 523 0.0971585056144831
520 524 0.03473713110094012
517 516 0.06214854044374576
518 516 0.11959520500948677
519 516 0.18828604549760616
520 516 0.057520019125450746
521 521 -0.3904931581397024
521 522 0.6432425080849266
521 523 -0.525199354646605
521 524 0.3973912519387965
522 521 0.3545867638176833
522 522 -0.47105481522216913
522 523 -0.26263740102400923
522 524 0.7638044144705274
523 521 0.8393524793711058
523 522 0.5403688185942356
523 523 -0.006657464566846955
523 524 -0.05869099956713503
524 521 -0.1314181712890659
524 522 0.268975792107193
524 523 0.8094089890949346
524 524 0.5052112190833274
521 525 0.03912476931604825
522 526 0.18952276716965052
523 527 0.04553318093672114
524 528 0.0691012715632684
521 520 0.21080374848375788
522 520 0.28438436289225644
523 520 0.15629827229295787
524 520 0.037501666008302646
525 525 0.5261009305034964
525 526 0.10786743240180093
525 527 -0.4199396624931541
525 528 0.7315962737846159
526 525 0.047937514190852425
526 526 -0.27798977625171384
526 527 0.8292292845052311
526 528 0.4824960857371457
527 525 0.8072325245642121
527 526 0.2468828252238412
527 527 0.2961373599480359
527 528 -0.4469084760196327
528 525 -0.26324030265566495
528 526 0.9220277500900174
528 527 0.21984571323336285
528 528 0.17954730155200996
525 529 0.08508608907014326
526 530 0.04114585231914949
527 531 0.254648614633166
528 532 0.19951684048628782
525 524 0.17350426377410946
526 524 0.22603836523596021
527 524 0.13645171144471205
528 524 0.15466497473276675
529 529 0.9692858799020003
529 530 0.03981056534620215
529 531 -0.1978849915119432
529 532 0.14050456235916103
530 529 -0.21656054065165664
530 530 0.18521485213485836
530 531 -0.4074604593472115
530 532 0.8676248987032841
531 529 0.11605933396484414
531 530 0.1039769356805144
531 531 0.8914739794727896
531 532 0.42543292276112776
532 529 -0.010800289575035076
532 530 0.9763705107601157
532 531 -0.009573302764750173
532 532 -0.21562080450944734
529 533 0.08669878145251032
530 534 0.2980451944670564
531 535 0.254211191433351
532 536 0.26522519974679604
529 528 0.06890120567972446
530 528 0.10318866082888775
531 528 0.0361190595956886
532 528 0.06382344364164846
533 533 0.7226895698426405
533 534 -0.31198423374319106
533 535 0.2356887552483517
533 536 0.5699442377863083
534 533 -0.10080826899699843
534 534 0.30654771745190895
534 535 0.9418377331749868
534 536 -0.0938502754106561
535 533 -0.3838484715127727
535 534 0.4659747963416324
535 535 -0.11412991545021944
535 536 0.7889880876737042
536 533 0.5658779280549798
536 534 0.7691305636854335
536 535 -0.21063441650549655
536 536 -0.20941224684463836
533 537 0.1824987817319092
534 538 0.05658783844786561
535 539 0.037497553790089365
536 540 0.10627483017426884
533 532 0.23632724778513026
534 532 0.040067065624485074
535 532 0.1589103445436694
536 532 0.1361322860042708
537 537 0.7775508570671182
537 538 -0.4435839773182921
537 539 0.210626472723309
537 540 0.3927905405286791
538 537 0.6179776859771745
538 538 0.6647532118009617
538 539 -0.15076668718107242
538 540 -0.39176032605541766
539 537 -0.07948607756466994
539 538 0.24122317756111353
539 539 0.9633071279016335
539 540 -0.08679124042557093
540 537 -0.08485403809996216
540 538 0.5505885951180883
540 539 -0.07032263048612762
540 540 0.8274700712325077
537 541 0.299736592159277
538 542 0.030570826063576306
539 543 0.0007540296463611095
540 544 0.2150801711795028
537 536 0.037822408647857596
538 536 0.11379297706184956
539 536 0.0718006795218612
540 536 0.15598414118759651
541 541 -0.08644787005997183
541 542 0.03248414408341755
541 543 0.9957014900785841
541 544 -0.007077344173445964
542 541 -0.021085855799057304
542 542 0.871351999332134
542 543 -0.02677889055016991
542 544 0.4894731565326289
543 541 0.8922187270198172
543 542 0.2364697254969461
543 543 0.06705584291525435
543 544 -0.3788552837291047
544 541 0.4427503761742636
544 542 -0.42868699836414337
544 543 0.058008168451643236
544 544 0.7853881933311545
541 545 0.04820005672398573
542 546 0.2750212791374504
543 547 0.15287013201246077
544 548 0.25229390713886324
541 540 0.239221774498524
542 540 0.23834915788563027
543 540 0.0026465008532513545
544 540 0.22004170807472967
545 545 -0.20233356006956538
545 546 0.7523434041928884
545 547 0.6047430338430102
545 548 -0.16530697400710445
546 545 0.9540532039829404
546 546 0.24623201845303705
546 547 -0.032921412903590075
546 548 -0.16753643672604654
547 545 -0.014740093475505625
547 546 0.5069377658621778
547 547 -0.4316930137083586
547 548 0.7459477013185258
548 545 0.22051381835112974
548 546 -0.3411206484495829
548 547 0.6684633015403156
548 548 0.6230306361739864
545 549 0.1006824567113344
546 550 0.016448981819251807
547 551 0.20471797913397224
548 552 0.22716657849611513
545 544 0.05350524948960737
546 544 0.08157486760298556
547 544 0.11700685639205907
548 544 0.15058949887866277
549 549 0.8368078564268367
549 550 0.49857915471864134
549 551 -0.084775879012171
549 552 -0.20972479166775262
550 549 -0.2968460127947622
550 550 0.5449427370151783
550 551 0.7593136854881666
550 552 -0.19586369008225324
551 549 0.40241429536257795
551 550 -0.6709646604577101
551 551 0.5809997549030084
551 552 -0.2242954393369484
552 549 0.22293001367697232
552 550 0.06528908232868474
552 551 0.2805264019138605
552 552 0.9313133106317804
549 553 0.12138110966342883
550 554 0.24418369416570448
551 555 0.17942751789437744
552 556 0.03507236404932996
549 548 0.23665350351384248
550 548 0.016173328746129555
551 548 0.22829122738476537
552 548 0.2587341133738457
553 553 -0.244834113487377
553 554 0.6933444931041141
553 555 -0.05275077179037188
553 556 0.6756826376565924
554 553 0.16920391827595335
554 554 0.5363217633372176
554 555 0.7037745138470725
554 556 -0.4340857448364773
555 553 0.9264729048453367
555 554 0.1947208418739669
555 555 -0.30184977382296735
555 556 0.11233193833616938
556 553 0.23037848749472786
556 554 -0.44013199587504487
556 555 0.6409411078857875
556 556 0.5851530354777545
553 557 0.28343872126435565
554 558 0.22031072060790752
555 559 0.02274600241005542
556 560 0.045841517252750784
553 552 0.15034683826401074
554 552 0.2948951070175706
555 552 0.12245642840401946
556 552 0.19704248512992598
557 557 0.007939257991380039
557 558 -0.44986141195295637
557 559 0.4280706117852307
557 560 0.7837839176355027
558 557 0.9592642270870629
558 558 0.08045912157045852
558 559 0.2513472315165606
558 560 -0.10081191197537225
559 557 -0.251516101928509
559 558 0.6188439614677818
559 559 0.742618603691546
559 560 -0.047847792809804675
560 557 0.12840857169322392
560 558 0.6388921592465082
560 559 -0.4495528111201145
560 560 0.6109257872958411
557 561 0.21281516151758215
558 562 0.009908037968717198
559 563 0.12317555618458191
560 564 0.26523243521653816
557 556 0.18913902172912297
558 556 0.2970394702909929
559 556 0.08996636823111305
560 556 0.0039930769989731775
561 561 0.38188696006024203
561 562 0.29431506767828636
561 563 0.8118199561001144
561 564 -0.3293772146811044
562 561 -0.16654284487788779
562 562 0.7279257108106505
562 563 0.08223058294995943
562 564 0.6600195236419146
563 561 0.49834757437702304
563 562 -0.5125423585696742
563 563 0.22060440275991475
563 564 0.6635387880654118
564 561 0.7603127814711951
564 562 0.3475674483466069
564 563 -0.534340890806852
564 564 -0.12490458595705728
561 565 0.14786095003754746
562 566 0.008155986224521582
563 567 0.27759465608642375
564 568 0.0474675845313089
561 560 0.252726829656178
562 560 0.23738673761290702
563 560 0.12363039413371703
564 560 0.25455206116614315
565 565 -0.35540231666105954
565 566 0.765103004013168
565 567 0.5288663119271432
565 568 -0.09277397625713954
566 565 0.07121075639244522
566 566 -0.3082866086583158
566 567 0.6198222862856714
566 568 0.7181286295083725
567 565 0.882205516027671
567 566 0.14715947430412551
567 567 0.32628934874230425
567 568 -0.30592936686465094
568 565 0.30055224001214487
568 566 0.5458212613067704
568 567 -0.47922439256522403
568 568 0.618135489435496
565 569 0.11406936414934903
566 570 0.18991931246440447
567 571 0.2849507362624717
568 572 0.10014693355781924
565 564 0.25685897120876955
566 564 0.15069850427578757
567 564 0.0317274011740839
568 564 0.1591948746757257
569 569 -0.04688296736423686
569 570 0.33361400021829785
569 571 -0.2330338018366849
569 572 0.9122493811623057
570 569 0.7962718464983829
570 570 -0.36612581812159867
570 571 0.3948463243655101
570 572 0.2756799084334801
571 569 -0.4655869716542936
571 570 0.05417346302179623
571 571 0.8653626810185773
571 572 0.1773173370834057
572 569 0.3833821926889189
572 570 0.8670171971001276
572 571 0.2023340249115984
572 572 -0.24568316308764035
569 573 0.1667381293514385
570 574 0.07617067213221755
571 575 0.04258980949381987
572 576 0.09193046703405643
569 568 0.1380663050571657
570 568 0.08814667536007804
571 568 0.1817724142369725
572 568 0.1333985651446271
573 573 -0.17582413605481623
573 574 -0.40779442783259073
573 575 -0.0979791227340412
573 576 0.8906119633810983
574 573 0.8930333672471761
574 574 -0.30344564621984477
574 575 0.3241603357161797
574 576 0.07302206188382449
575 573 -0.3612494090454315
575 574 -0.07011702623685487
575 575 0.9298285817396053
575 576 -0.0011294583396380354
576 573 0.20267250091730488
576 574 0.8583169851812388
576 575 0.14401033586779557
576 576 0.4488617086414905
573 577 0.1279926798905288
574 578 0.010789399836322721
575 579 0.236645514573376
576 580 0.2807716472048324
573 572 0.14839374877282788
574 572 0.13388304326986508
575 572 0.20787116599179248
576 572 0.08963472035500665
577 577 0.5079762582995373
577 578 0.793210054933035
577 579 -0.09509855482717752
577 580 -0.32207793253639133
578 577 -0.4141901526101611
578 578 0.5372573339821601
578 579 -0.1598809362731762
578 580 0.717104706984668
579 577 0.18605512263111693
579 578 0.0947478715602957
579 579 0.9461437231179542
579 580 0.2474234980393132
580 577 0.7319768642706503
580 578 -0.27054612669618383
580 579 -0.2649649152070724
580 580 0.5663993796002147
577 581 0.08808834046619271
578 582 0.06245465779573256
579 583 0.012864548523427222
580 584 0.17824922067839635
577 576 0.22670072414371772
578 576 0.21496457425070045
579 576 0.1364153533798043
580 576 0.2534832439698601
581 581 0.807313536412067
581 582 0.5705373333244306
581 583 -0.013559302784121626
581 584 -0.15016041594540946
582 581 -0.1648972173617876
582 582 0.44649170683351863
582 583 -0.27647311159168836
582 584 0.8348752493648627
583 581 -0.3155909183767019
583 582 0.45783766594676967
583 583 0.8305137260804807
583 584 -0.03215578751144219
584 581 0.47059125987456657
584 582 -0.5152833964454449
584 583 0.48334844022375295
584 584 0.5285841208460389
581 585 0.23661665473844554
582 586 0.20818618250282608
583 587 0.2977863182705653
584 588 0.04532764932290656
581 580 0.16762085950241457
582 580 0.21705062742579773
583 580 0.02905015491331764
584 580 0.0880673534560202
585 585 0.3252461686428625
585 586 0.8259662911738602
585 587 -0.4266324939521645
585 588 0.17314540343824691
586 585 -0.10989523515342275
586 586 0.4612384342347203
586 587 0.8683081541011423
586 588 0.1456814799373731
587 585 0.8308240296440461
587 586 -0.0997603474689863
587 587 0.24065494910151847
587 588 -0.491797214623916
588 585 0.43802899314970173
588 586 -0.30836125843249007
588 587 0.07817199049895243
588 588 0.8407931228070443
585 589 0.24913146613699422
586 590 0.055515590383203306
587 591 0.10273697806049897
588 592 0.14293822931851108
585 584 0.08317979260776372
586 584 0.23997781066095414
587 584 0.05215929065975284
588 584 0.13348580854330497
589 589 0.20199236745339993
589 590 -0.24108116048427977
589 591 -0.08151883919576275
589 592 0.9457450165907823
590 589 0.026177693811555616
590 590 0.1479554963842272
590 591 0.981730349182692
590 592 0.11674511094703334
591 589 0.3757724349029403
591 590 0.9022600181191219
591 591 -0.1621431282164229
591 592 0.1357628183376784
592 589 0.9040513752018713
592 590 -0.3254472382014191
592 591 0.05718222033112931
592 592 -0.2711187928209265
589 593 0.21790060415321824
590 594 0.2913688918723311
591 595 0.1609051937370616
592 596 0.094394732753048
589 588 0.18946559268182417
590 588 0.2824495859617516
591 588 0.031072685975847513
592 588 0.05780156446365165
593 593 0.4884414084716436
593 594 -0.15884667912588046
593 595 0.826520247047936
593 596 0.23034106069204363
594 593 -0.5629325152611022
594 594 0.32935328356787036
594 595 0.19156788492629423
594 596 0.7334406201798062
595 593 0.37344746644132476
595 594 0.9193171979775926
595 595 -0.009537978029264519
595 596 -0.12370087423416992
596 593 0.5523304840044618
596 594 -0.1454305216808714
596 595 -0.5292211765035472
596 596 0.6274599159653379
593 597 0.20710383508382735
594 598 0.009633518649378336
595 599 0.19300900121102407
596 600 0.13160034840560425
593 592 0.055632757182542014
594 592 0.28479092435271935
595 592 0.17210483030770743
596 592 0.011931103579366975
597 597 0.7800463713504602
597 598 0.17345677550853794
597 599 0.48021410453693136
597 600 -0.36171096109594725
598 597 -0.06781549951218764
598 598 -0.35626055847449517
598 599 0.7012012564111263
598 600 0.6138373322866666
599 597 -0.39942545451717104
599 598 0.8404713205858961
599 599 0.3651917593863888
599 600 0.026499894954974658
600 597 0.47685220231497755
600 598 0.36959318280809866
600 599 -0.37992919167593014
600 600 0.7011894648963357
597 596 0.13089387496487853
598 596 0.23520456307062435
599 596 0.19341847138755733
600 596 0.09981773864415695
